1.028427283730545261e+00,9.998073404797374053e-01,9.998929799837461552e-01,1.000078518477447442e+00,9.998771964083049690e-01,1.000029928061164419e+00,9.999913733914792546e-01,9.999482581261478487e-01,1.000046916500922922e+00,1.000058119548156599e+00,9.995190406741197853e-01
1.026959940190587117e+00,9.998922858109481338e-01,9.999367978311910488e-01,9.999176517364867234e-01,1.000030289720657883e+00,9.999762777181695483e-01,9.999713456985300786e-01,1.000014060244518665e+00,9.999641114219861571e-01,1.000100273307896748e+00,9.993468317441802640e-01
1.029314256260015714e+00,9.997586596186897046e-01,9.999810937907845920e-01,9.998402893091590249e-01,1.000075735973317448e+00,9.999791177763521777e-01,9.999479616895253775e-01,1.000015361097615463e+00,9.999776717538741977e-01,1.000127197777944454e+00,9.991313928407794531e-01
1.034361729973334976e+00,9.995890390171291440e-01,9.999333423173695223e-01,9.999178945978716149e-01,9.999871465557520489e-01,1.000034647865927662e+00,9.999806332524422414e-01,9.999401871745031700e-01,1.000028655791517007e+00,1.000072308541502197e+00,9.989349701297032258e-01
1.038259873745822848e+00,9.995807798131676192e-01,9.999093760131132491e-01,9.999434244154243867e-01,9.998738205146759928e-01,1.000121559908372815e+00,9.999419455186822070e-01,9.999897230261659553e-01,9.999424412577927468e-01,1.000083663830557024e+00,9.993931919441997325e-01
1.037558997691852225e+00,9.997684595160944987e-01,9.999020870458076304e-01,9.999075042683770453e-01,9.998444173387863732e-01,1.000148573247284567e+00,9.999930077109712157e-01,9.999806108277334848e-01,9.998935967258383295e-01,9.999855620192077410e-01,9.990312654186510599e-01
1.038840753754681545e+00,1.000246056119949545e+00,9.998281772045878313e-01,9.998326344918904152e-01,9.998694728282127020e-01,1.000086592301789645e+00,1.000012002699069535e+00,9.999826016220624281e-01,1.000014535160552942e+00,9.997338700484862395e-01,9.996002617455203021e-01
1.041232458977666919e+00,1.000591008550895777e+00,9.996430572532410963e-01,9.999109481046327685e-01,9.998899872771110919e-01,1.000041360786698030e+00,9.999609045616189018e-01,1.000095897036465287e+00,9.999173039650391948e-01,9.998140479773006684e-01,9.999413974198380073e-01
1.045695797000719907e+00,1.000937834788949932e+00,9.996194885677894826e-01,9.997581420797242435e-01,9.999943364600933915e-01,9.998997925017062416e-01,1.000004390213035776e+00,1.000093817985582278e+00,9.999357518720696225e-01,9.999778600160673658e-01,1.000298716225262785e+00
1.048658108688084845e+00,1.001107631927787622e+00,9.996004771996593874e-01,9.996584694049619468e-01,1.000004567862089244e+00,9.998609922451664467e-01,1.000081091615967255e+00,9.999605356340739437e-01,1.000049577434684256e+00,1.000079371742186751e+00,1.000560660013529057e+00
1.049031920586519950e+00,1.001479255072631691e+00,9.998020007951139432e-01,9.996830284614102169e-01,9.998919104169695649e-01,9.999676091240311537e-01,1.000036221106212597e+00,9.998586820501189631e-01,1.000046491687436312e+00,1.000373109841386166e+00,1.000015422869987569e+00
1.048806383026694711e+00,1.002324191281130261e+00,9.997287031257279244e-01,9.995492376879308027e-01,9.998333267529002644e-01,1.000166100550023307e+00,9.999257800299704568e-01,9.998627629823222396e-01,9.999495211849894760e-01,1.000460385814381681e+00,9.999933517648972314e-01
1.052430348189386855e+00,1.002829797286140856e+00,9.995704358489470032e-01,9.995062057163363045e-01,9.999162567917895261e-01,1.000126006975195159e+00,9.999328031462640931e-01,9.998692530529634803e-01,9.999094881271465285e-01,1.000434037700739687e+00,1.000373345508154044e+00
1.055858042825343235e+00,1.003063009193763344e+00,9.995215204200771364e-01,9.994538025968107142e-01,9.999531912635695186e-01,1.000083322043165301e+00,9.998635837420807304e-01,9.999845069036796819e-01,9.999158511011591033e-01,1.000291550812236085e+00,1.001042973022926441e+00
1.055552272304634887e+00,1.003064448727582603e+00,9.997248938406968488e-01,9.994839663483374714e-01,9.998818976020096283e-01,1.000124409898698996e+00,9.998584287133467363e-01,9.999015827864794481e-01,1.000107107484763391e+00,9.999883164189123930e-01,1.000780077770663912e+00
1.055311648648960876e+00,1.003237468018901568e+00,9.997134358520686215e-01,9.997680449151371551e-01,9.996677855969205995e-01,1.000131187943039013e+00,9.999546130123003751e-01,9.999852388988285101e-01,9.999011949902936180e-01,9.998603975583724157e-01,1.000272532253528412e+00
1.055288641006286721e+00,1.003536443823193514e+00,9.997428673043846636e-01,9.997548482258223901e-01,9.996554518880048645e-01,1.000129820257958269e+00,1.000017125652121308e+00,1.000013446427420627e+00,9.997362599529701077e-01,9.997789826115678347e-01,1.000459531105020838e+00
1.056419113706477342e+00,1.003949189549989018e+00,9.997997511812544147e-01,9.994718718785885470e-01,9.997445017475543594e-01,1.000168338441608018e+00,9.999154759913326806e-01,9.999929622363029624e-01,9.998147118431052194e-01,9.999632399308270303e-01,1.000715772639131362e+00
1.060357568503712322e+00,1.004485614315322017e+00,9.994384598607136683e-01,9.994651947503200295e-01,9.999432846690098353e-01,1.000049141783065476e+00,9.998751100667415681e-01,9.998612804737196935e-01,9.999988613148815819e-01,1.000404631660614330e+00,1.001123083286636462e+00
1.063310270494225440e+00,1.004608667912757936e+00,9.993486900020818187e-01,9.993967597051341967e-01,1.000045185593765540e+00,9.999886129894665077e-01,9.997490559429201840e-01,9.998545154190673356e-01,1.000215217965611192e+00,1.000586800345666161e+00,1.001597478406759167e+00
1.062467350449754155e+00,1.004691212845262083e+00,9.994966899679219585e-01,9.994617339778736342e-01,1.000031979653047465e+00,9.999503942447059979e-01,9.996105679915394671e-01,9.999946757872334446e-01,1.000179042574120603e+00,1.000852026459893906e+00,1.001034184272123762e+00
1.064868845065322311e+00,1.004900323352825309e+00,9.996603019892006392e-01,9.996243242615355795e-01,9.999937668418734660e-01,9.998132241260839770e-01,9.997685915084594255e-01,9.998817876875093491e-01,1.000232532496945881e+00,1.000612118752469470e+00,1.001891048750937374e+00
1.066605225141959101e+00,1.005197545542384496e+00,1.000016100609358194e+00,9.999924728143236852e-01,9.997170275901076097e-01,9.998830897351256297e-01,9.998075389692873127e-01,9.999803577462482718e-01,9.999320156312474506e-01,1.000421146532611383e+00,1.000779819821503880e+00
1.065188588498264810e+00,1.006299168085968976e+00,1.000241861143120969e+00,9.998736168442080574e-01,9.998076223710014032e-01,9.997750200447290680e-01,9.999580757038509793e-01,9.999777571911864227e-01,9.997204688090203240e-01,1.000090421132445284e+00,1.001405980363576420e+00
1.065692346266248869e+00,1.006781383247269623e+00,1.000481758882566297e+00,1.000119020552569626e+00,9.998283256204832936e-01,9.997264800876983770e-01,9.999791183615166501e-01,9.999623532572013973e-01,9.995732383897960593e-01,9.998987131357568447e-01,1.001870900281607968e+00
1.067129195744793257e+00,1.007387276899313289e+00,1.001012161365635311e+00,9.999205115737211935e-01,9.997795129983548801e-01,9.997752082037782984e-01,1.000135775415345707e+00,9.998060683124863068e-01,9.994019586813130962e-01,9.998841545958195853e-01,1.000881741909511735e+00
1.069302811699898159e+00,1.008225008989521720e+00,1.000814801359130479e+00,1.000221454019372125e+00,9.997993971180484385e-01,9.998493352578438076e-01,1.000035164145464783e+00,9.996894539683066627e-01,9.997072551115266936e-01,9.992882879796326501e-01,1.000023592014932960e+00
1.068960574121186724e+00,1.007919791166860701e+00,1.001226218691705361e+00,1.000197552731304063e+00,9.998156339494755906e-01,9.997030609106977161e-01,9.996813406227803567e-01,9.998223572695843497e-01,1.000151883400019592e+00,9.999376323601388838e-01,9.989403166877826035e-01
1.067727328439203482e+00,1.008160878172279062e+00,1.001350511964305356e+00,1.000536431298781004e+00,9.996637275094779618e-01,9.992908326295990573e-01,9.996203272918423588e-01,9.999201658676768467e-01,1.000381826009869801e+00,1.000899445582824843e+00,1.000804819933349021e+00
1.069676324543753276e+00,1.008829672559279134e+00,1.001615147747834111e+00,1.000671714349887109e+00,9.994523510953867707e-01,9.992084379928186655e-01,9.994406065554571894e-01,9.998922613110986513e-01,1.000522310922307145e+00,1.001539687443493643e+00,1.006154942634058136e+00
1.071136515914524967e+00,1.010068649429459064e+00,1.002190095745658205e+00,1.000159025334854235e+00,9.993587178967389129e-01,9.992816505246211456e-01,9.993228887732398258e-01,9.996977799438266921e-01,1.000797734948090323e+00,1.002256431080051025e+00,1.005090575121745600e+00
1.074145754288656107e+00,1.011960486368111756e+00,1.002291934523057870e+00,9.996967524139375172e-01,9.992866618522828759e-01,9.993575538576141559e-01,9.994674705970277850e-01,9.998292975100986357e-01,1.000326340280726312e+00,1.002060269401209514e+00,1.004540293706016163e+00
1.078836004049160469e+00,1.013042199342611305e+00,1.002572409675651866e+00,9.998494408261068278e-01,9.989300419610543935e-01,9.994152334365949963e-01,9.999305125517597981e-01,9.998089415400869262e-01,9.997678345409551914e-01,1.001054999165115866e+00,1.004972340668599751e+00
1.081244826100305811e+00,1.013838913970228184e+00,1.002872392495433251e+00,9.999604302212246054e-01,9.990217005829951091e-01,9.995016252479365093e-01,9.998967571364749674e-01,9.999786620459774067e-01,9.994788356920817352e-01,1.000080681041191966e+00,1.002631198913084498e+00
1.081372037108184969e+00,1.014232232899658692e+00,1.002940403653651780e+00,9.998279917021277718e-01,9.995633456584324117e-01,9.995510492471926245e-01,1.000071127480776978e+00,9.997813966807974628e-01,9.990730145673565321e-01,9.995657873832675122e-01,1.000154299022680160e+00
1.081678164995902192e+00,1.013617094031804777e+00,1.003067979083666073e+00,9.998032552817156526e-01,9.997753777494893246e-01,9.999262589448884020e-01,9.998974282924777413e-01,9.994536315264341830e-01,9.991714835425071772e-01,9.991986832549147879e-01,1.001757763025891146e+00
1.080143988410542377e+00,1.012458817008558221e+00,1.002979578490492907e+00,1.000330489249978250e+00,9.997149091198710424e-01,9.997849699748833086e-01,9.998243690257772043e-01,9.996440141298575943e-01,9.988743757754499075e-01,9.999954445970042904e-01,1.002784983866009672e+00
1.075803816341899033e+00,1.011311856028904277e+00,1.002764927849130627e+00,1.000371958051051280e+00,9.996817502862408444e-01,9.997002106181748227e-01,9.997519316468062023e-01,9.995816656094336228e-01,9.993084686159326990e-01,1.000521143835722659e+00,1.002667053219445270e+00
1.071196968950850259e+00,1.010054251250875446e+00,1.002233957088445537e+00,1.000244080147727477e+00,9.999656774871311660e-01,9.996374583251300683e-01,9.994039980475022400e-01,9.997696443989873005e-01,9.999069648026315260e-01,1.000518043549722069e+00,1.001350043158846459e+00
1.068518932558045975e+00,1.009374242838677382e+00,1.001851761541706853e+00,1.000322409375180355e+00,9.998360492636719776e-01,9.997914163068923887e-01,9.994209958031577967e-01,9.997613273619836427e-01,1.000370263271328497e+00,9.995287367463937533e-01,9.981199617306861782e-01
1.069303388917079323e+00,1.008868382873022940e+00,1.001768500896872416e+00,1.000031728614822590e+00,9.997991534947727743e-01,9.998875873728774177e-01,9.995957790237275375e-01,9.997332056990083649e-01,1.000232778045874626e+00,9.993943405555674175e-01,9.972217103034293206e-01
1.072384456416556775e+00,1.009346070150582086e+00,1.001415662467831202e+00,1.000026513443606602e+00,9.995958871656456246e-01,9.998891420963335053e-01,9.997449903422245265e-01,9.998143141213485796e-01,9.999929068265569487e-01,9.996127566479067195e-01,9.972361448233080239e-01
1.076906072353168486e+00,1.009648550449355309e+00,1.001091254990275292e+00,9.999927856615443700e-01,9.995081973496813266e-01,9.997369615433334689e-01,9.999146916747412295e-01,9.997861983631944893e-01,9.997630992860915278e-01,1.000365288981994949e+00,1.000439970641626930e+00
1.076290915722809105e+00,1.009688968416318167e+00,1.000839246275743832e+00,1.000177803625844186e+00,9.995040939948267589e-01,9.997296172758717292e-01,9.998619131648901481e-01,9.996947659751495019e-01,9.997410313382616431e-01,1.001053912865137008e+00,1.001736565693636338e+00
1.076093854777397718e+00,1.009437789179228995e+00,1.000909317989018943e+00,9.999043070046067516e-01,9.997043585409070010e-01,9.997688866813631003e-01,9.996523577478514389e-01,9.995954699670565047e-01,1.000183729272711375e+00,1.001203265625699945e+00,1.000157542756254792e+00
1.074834437102429874e+00,1.009304753215364503e+00,1.000827320440654145e+00,9.994178342900427170e-01,9.999736851317423403e-01,9.997877830140867728e-01,9.993978702862508223e-01,9.994836584120135869e-01,1.000760888733341458e+00,1.001442458885231757e+00,1.000163583049466398e+00
1.072096907899359630e+00,1.009619552698819422e+00,1.000454249659225914e+00,9.990663683774608783e-01,9.998680903062706626e-01,9.998940383225445316e-01,9.995428339891860858e-01,9.994310743738091807e-01,1.000629107408376406e+00,1.001795932788366983e+00,1.000542326027346940e+00
1.071547720886949051e+00,1.008676221891459113e+00,1.000480738983315909e+00,9.989578415287426738e-01,9.997223035558026050e-01,9.999364229967925288e-01,9.995908929640795471e-01,9.996331239037371530e-01,1.000626715040512371e+00,1.001246667068977025e+00,9.997486933523014319e-01
1.070485142573435855e+00,1.008042807686449160e+00,1.000306698321513643e+00,9.991591681044059703e-01,9.995488211192284922e-01,9.999157830952515313e-01,9.997221209256089702e-01,9.999226238551600643e-01,1.000291903313113906e+00,1.000676222787320491e+00,1.000369836576968208e+00
1.072362225333012731e+00,1.008448725130271839e+00,9.997731062977335270e-01,9.994777187463423918e-01,9.994230430230111040e-01,9.997976814110824950e-01,9.998117062520086584e-01,1.000062293480375786e+00,1.000190384912704511e+00,1.000653219418927931e+00,1.000477810008975510e+00
1.073507209743705282e+00,1.008418952161104443e+00,9.997622981682974252e-01,9.994533971429742092e-01,9.995017089768387653e-01,9.996649495802227836e-01,9.998538038206615797e-01,1.000019994409235835e+00,1.000406445180405779e+00,1.000531878054754964e+00,9.999424995003478589e-01
1.070220037757087850e+00,1.008335214241450117e+00,1.000065278551484971e+00,9.992159156996918146e-01,9.994926988417873748e-01,9.997678780494237971e-01,9.997486743264838438e-01,9.999580181589401429e-01,1.000485549848483036e+00,1.000703351569760535e+00,1.001272293025759819e+00
1.067731144450783543e+00,1.008677135093084765e+00,9.999838069878534963e-01,9.992338269226470615e-01,9.994582387363529774e-01,9.996887043845327225e-01,9.998709109005289308e-01,9.999345024817172245e-01,1.000397135829462103e+00,1.000847805400815416e+00,1.001630792385184598e+00
1.070873967588234166e+00,1.009062288022292808e+00,1.000298588777571274e+00,9.993934750808198819e-01,9.991964342499555229e-01,9.996113469356644465e-01,9.999474699047568027e-01,1.000144059760459170e+00,1.000292498365855876e+00,1.000217048970466482e+00,1.001761063207120772e+00
1.070747633612217697e+00,1.009659853646801997e+00,1.000975480785908811e+00,9.993313436156174845e-01,9.991010511165232533e-01,9.994340722376741093e-01,9.998739550042724522e-01,1.000399688143133181e+00,1.000245792456330385e+00,1.000195239195344810e+00,1.000295548111980182e+00
1.071088139535578465e+00,1.010376125589995677e+00,1.001348075569773233e+00,9.993409687183140155e-01,9.990814857061158794e-01,9.994082274629402241e-01,9.996286750939601395e-01,1.000556385662825232e+00,1.000441209857966252e+00,9.998460493027283569e-01,1.000924655504134009e+00
1.074313115730672008e+00,1.011290202963874840e+00,1.001531390394658105e+00,9.991552142671343839e-01,9.991452773039167790e-01,9.994721549609727473e-01,9.995208395392247702e-01,1.000409594340888164e+00,1.000723790698983429e+00,9.998623825960192280e-01,9.988765019451694149e-01
1.075404544100583060e+00,1.011688464608127447e+00,1.001615311049512735e+00,9.988059907100874657e-01,9.991440715257486893e-01,9.995028971177227772e-01,9.997045426963222514e-01,1.000186678956289876e+00,1.000912576392555042e+00,9.997042348843345749e-01,9.970352826637068899e-01
1.075207150468846962e+00,1.011596811119269468e+00,1.001426887792508769e+00,9.989940663920544583e-01,9.989026170257672144e-01,9.995536310059792706e-01,1.000016902890569215e+00,1.000150559738405942e+00,1.000489760694311281e+00,9.994575945319202903e-01,9.996569656913043556e-01
1.076234984730680244e+00,1.011198128840349764e+00,1.001109530505076117e+00,9.990167972272592234e-01,9.989105297768096081e-01,9.997161661366819052e-01,1.000141245479116758e+00,1.000118822385200223e+00,9.998860230824038187e-01,9.999874016743008909e-01,1.000968680380439180e+00
1.079921481470905720e+00,1.011296736671108087e+00,1.000657417806193994e+00,9.986930518756218511e-01,9.992983377694166780e-01,9.998390164346568909e-01,1.000051113867454822e+00,1.000038990810589556e+00,9.998033690093856007e-01,1.000064492333903932e+00,1.001271247427956368e+00
1.080643707932458675e+00,1.011526210544553495e+00,1.000486149534042246e+00,9.990794998830133666e-01,9.992651866984230136e-01,9.997741904456929340e-01,1.000124915922009805e+00,1.000039278833837919e+00,9.994410492043097616e-01,1.000672408150276471e+00,1.001014752682565012e+00
1.080389171149194860e+00,1.011014001777134963e+00,1.001180481727698801e+00,9.988762200711662764e-01,9.991468792832201018e-01,9.999356312702796235e-01,1.000017543352954119e+00,9.999366744189798206e-01,9.996628909331359836e-01,1.000606622443696025e+00,9.998020756133235709e-01
1.078554683611187226e+00,1.011241954353935490e+00,1.001296250381517483e+00,9.992596483466820168e-01,9.992164292825560512e-01,9.998635972739136069e-01,9.999511234830495976e-01,9.997630686496654651e-01,9.999652183819017770e-01,1.000319906150422877e+00,1.000871117029412893e+00
1.079655675482489086e+00,1.010953564692068207e+00,1.001350141876307109e+00,9.998133810127840526e-01,9.995575164054542050e-01,9.995575764953020803e-01,9.998797362041003112e-01,9.997191867578490987e-01,1.000004705623223744e+00,1.000542886233167783e+00,1.001054415809669917e+00
1.076868574441191662e+00,1.010876809291910927e+00,1.001230187619667866e+00,1.000246716157301430e+00,9.999431574880019991e-01,9.995126999616117391e-01,9.995666787439995149e-01,9.997865579656162183e-01,9.998870001029325216e-01,1.000797974792285716e+00,1.002234379529970854e+00
1.077142389367788722e+00,1.010367198256213683e+00,1.001201558532562874e+00,1.000404152025445415e+00,9.999740853600916912e-01,9.995592996003536124e-01,9.996153082504765086e-01,9.996711281463266374e-01,9.999298809116942133e-01,1.000614031652440339e+00,1.001675884870899536e+00
1.074532759210810484e+00,1.009830429597814438e+00,1.001217302261295350e+00,9.999623617269365328e-01,9.999208457593767863e-01,9.998924701088244271e-01,9.996393187151998427e-01,9.994727691996564412e-01,1.000072137255058724e+00,1.000440536653725010e+00,1.000214965552847168e+00
1.072737740528305395e+00,1.009173571433770844e+00,1.000862519307061049e+00,9.998255204239717697e-01,9.997052685536377270e-01,1.000042114743391330e+00,9.996153641293418213e-01,9.995948534443878097e-01,1.000233643938262640e+00,1.000217031601432494e+00,9.994103069190571897e-01
1.072116630122045722e+00,1.008213328757524563e+00,1.000742950111728202e+00,9.996428064105651323e-01,9.997942553076168970e-01,9.997553717290712516e-01,9.995213839635408437e-01,1.000101409263626007e+00,1.000397278294472114e+00,9.998379926595046818e-01,9.975473695446585021e-01
1.070651154200144450e+00,1.007539835585354204e+00,1.000557169995167195e+00,9.996514861447849398e-01,9.996005431653167683e-01,9.996848276802867694e-01,9.996800927407381021e-01,1.000236468796462219e+00,1.000213882693294476e+00,9.998978489027600114e-01,9.996978426629820058e-01
1.066478371381513579e+00,1.007425013058317331e+00,1.000509572317767937e+00,9.996157821016860012e-01,9.994366212486064383e-01,9.995834817957361951e-01,9.998918223603104893e-01,1.000122547835063047e+00,1.000331721357326176e+00,1.000094212969758534e+00,1.000002072904518702e+00
1.066171179037584738e+00,1.007286620670651001e+00,1.000173287408595124e+00,9.995321334361255694e-01,9.995521388106054506e-01,9.995125337533691257e-01,9.999911862406697383e-01,1.000117267269117871e+00,1.000357489893720864e+00,1.000080723590857312e+00,9.988045941818455287e-01
1.070231409544946333e+00,1.006845704372685946e+00,9.999772173942608200e-01,9.996689828448253046e-01,9.997361324290292561e-01,9.994329154087704392e-01,1.000030725915921348e+00,1.000081111265866962e+00,1.000265722625846898e+00,1.000236982832401367e+00,9.982070213511614609e-01
1.070962955988702170e+00,1.006678098762341378e+00,1.000320942969193938e+00,9.997626987978093238e-01,9.995480642919073455e-01,9.995626465145710515e-01,1.000098191081124854e+00,1.000045034032942315e+00,1.000099405318270351e+00,9.998704204259749595e-01,9.995075430727435872e-01
1.070474937771377144e+00,1.007177999063703533e+00,1.000649015040634193e+00,9.997626075152841185e-01,9.994304602855768049e-01,9.996463724566454490e-01,1.000200324415122966e+00,9.998861107356125100e-01,9.999311772290557787e-01,9.999232777884619061e-01,1.000793682922642924e+00
1.070666421063436680e+00,1.007659725197543210e+00,1.000820917166985735e+00,9.999542105467923436e-01,9.994457679837416286e-01,9.997444015201067957e-01,1.000098494787528880e+00,9.998726819776289076e-01,9.996553944088866217e-01,1.000260477784906676e+00,1.000635435638947301e+00
1.072317178268362259e+00,1.008669011464028209e+00,1.000841331239266774e+00,1.000274880085224360e+00,9.996743966024568273e-01,9.996699439909736418e-01,1.000010198241139792e+00,9.996676659284976507e-01,9.996944105015450610e-01,1.000572696756322655e+00,1.000484547424382198e+00
1.072932097618160219e+00,1.009637292920874119e+00,1.001354158277800499e+00,1.000176616940051888e+00,9.998173498362150635e-01,9.995389362812979739e-01,9.999352020434651989e-01,9.996732466277424844e-01,9.996745544637627434e-01,1.000678754009363569e+00,1.000407143363956752e+00
1.071767292624568269e+00,1.010448892704074675e+00,1.001798445182747965e+00,1.000116325770145753e+00,9.996487433302393422e-01,9.994706095564385162e-01,9.998447302081414634e-01,9.998924317298241160e-01,9.996694724023806877e-01,1.000407930697785330e+00,1.001247820456088400e+00
1.074556446046213809e+00,1.011283556076380430e+00,1.001779864701515921e+00,1.000259573216750075e+00,9.995718915160045626e-01,9.993902856727526762e-01,9.999563162136696493e-01,9.997474508608639177e-01,9.998134528253952436e-01,1.000164726865990339e+00,1.002244389868939267e+00
1.077208827107976719e+00,1.011748410325870928e+00,1.001998203973427426e+00,1.000054380299711942e+00,9.998150413228078515e-01,9.996706297210690151e-01,9.994304152835747912e-01,9.997576807532824184e-01,9.999808551082158825e-01,1.000416637430844746e+00,1.001774767382946907e+00
1.080607539204806677e+00,1.012466403714900931e+00,1.001951888009517733e+00,1.000274367222644845e+00,1.000305607864747870e+00,9.997230033490698276e-01,9.993178112736215146e-01,9.993789577060760987e-01,9.998394408260449229e-01,1.001222135093826182e+00,9.997405118455425788e-01
1.081595853384129446e+00,1.013158945643476638e+00,1.001818543496619140e+00,1.000840557627951988e+00,1.000617622057857536e+00,9.999007500806093018e-01,9.991939865645129704e-01,9.990947913408642078e-01,9.996230715042940806e-01,1.000738547854043814e+00,1.003871648080509882e+00
1.078286845145684847e+00,1.013286165095118596e+00,1.002212606760716440e+00,1.000787199851809639e+00,1.001026253925070053e+00,9.998449259322982341e-01,9.993106888267945243e-01,9.990910020967899152e-01,9.993084597831511928e-01,1.000105247955960008e+00,1.000451079378381847e+00
1.076146228447090403e+00,1.013399308958210732e+00,1.002817727327594444e+00,1.000958356571357122e+00,1.000791592504570504e+00,9.999764193284600422e-01,9.994107677903079079e-01,9.991334834355769523e-01,9.992970064282040710e-01,9.988761295534288598e-01,9.978850990965028034e-01
1.076164967743944878e+00,1.013786674264970822e+00,1.003526286694469194e+00,1.000657947310557239e+00,1.000627227201087655e+00,9.998993753056693023e-01,9.993732952857095064e-01,9.993040075092971541e-01,9.993891330572112208e-01,9.987135577323312807e-01,9.965992250923496609e-01
1.078414194005714144e+00,1.014211475806835239e+00,1.003107693381860566e+00,1.000737165256453176e+00,1.000371420859143878e+00,9.998213863145645197e-01,9.994038524881990737e-01,9.994834441660920277e-01,9.993034080613382164e-01,9.992393166623604328e-01,9.964359872582001509e-01
1.082133902349883936e+00,1.013825529468091124e+00,1.002477911373993225e+00,1.000728169218091379e+00,1.000044666288119721e+00,9.996498569524013833e-01,9.997243422143990976e-01,9.994511621898721776e-01,9.992803695311390788e-01,9.998526770379256856e-01,9.994767246116896819e-01
1.084532210608986080e+00,1.012830604091016884e+00,1.001969568404423638e+00,1.000620387524270738e+00,9.999540342646642266e-01,9.997051568749826256e-01,9.996269589510171638e-01,9.994890675120994272e-01,9.995586574632447929e-01,1.000285154074255445e+00,9.992917793703267604e-01
1.082127604290312073e+00,1.012552197297497569e+00,1.001962668436414461e+00,1.000309202091674177e+00,9.997987430995015634e-01,9.998231498271407114e-01,9.995363283966975931e-01,9.995265024702474355e-01,9.998720903778087754e-01,1.000135937184181145e+00,9.994826018470871487e-01
1.081166052742306372e+00,1.012441835919034583e+00,1.002013764771219506e+00,1.000217463551871688e+00,9.997428936755365925e-01,9.997249663235925343e-01,9.995952228420077468e-01,9.995978119790827066e-01,9.997947623466957312e-01,1.000249585101599781e+00,1.001728387403911347e+00
1.080290915687142750e+00,1.012794681937357666e+00,1.002247296145165611e+00,9.997600061656900516e-01,9.997695354709493776e-01,9.998807196373432626e-01,9.995054203773721113e-01,9.995977799865765068e-01,9.994261569152707025e-01,1.001302306371267159e+00,1.001703741213627596e+00
1.081307878914044451e+00,1.013508047682855295e+00,1.001922754361112888e+00,9.998630508608016276e-01,9.997472464432861639e-01,9.998862468941905890e-01,9.994616456065262833e-01,9.995389724915838547e-01,9.997252388057938921e-01,1.000739356369598321e+00,1.003897164408103615e+00
1.082918397251512177e+00,1.012473181317607773e+00,1.001634406714817072e+00,1.000536899015236791e+00,9.997768754842858430e-01,9.996864197279820008e-01,9.993902672696231004e-01,9.997806295857973868e-01,9.997590579188604387e-01,1.000522956540078168e+00,1.002195463619393268e+00
1.081944510032925244e+00,1.011300791205922422e+00,1.001578140284244300e+00,1.000624492012205158e+00,9.999078756836831117e-01,9.996289258498575192e-01,9.994839272052649104e-01,9.998257387005060615e-01,9.995780893832716396e-01,1.000492943244296384e+00,1.001581021906218227e+00
1.077707558259464848e+00,1.010241295447966259e+00,1.002058537204603805e+00,1.000280654730756558e+00,1.000001907280797298e+00,9.996682696618828246e-01,9.996978043779681800e-01,9.997269454881275719e-01,9.993597725754449490e-01,1.000220223709190837e+00,1.002272343021144874e+00
1.072525340034192975e+00,1.009935439534594748e+00,1.002458431582755605e+00,1.000330327923361295e+00,9.998523417634755939e-01,9.997727205621521618e-01,9.996986156762946996e-01,9.996408933444134171e-01,9.994194978822757980e-01,1.000198724448538412e+00,1.001408056049025053e+00
1.069804433110870034e+00,1.009818021405105792e+00,1.002576796587246966e+00,1.000427423252286729e+00,9.998366096090748334e-01,9.996928296170839445e-01,9.996649583209714640e-01,9.995387366166210708e-01,9.997577884982018492e-01,1.000268038040223351e+00,1.000764521059420042e+00
1.070150038012923632e+00,1.010246345062949969e+00,1.002262596734278866e+00,1.000453369522758651e+00,9.997162061991650139e-01,9.998085433087905427e-01,9.995076790002175304e-01,9.996148432028213460e-01,9.998722823562855577e-01,1.000454863644035575e+00,9.999411396340931457e-01
1.073220919425058373e+00,1.010089475179579033e+00,1.002081676398145049e+00,1.000466013718517733e+00,9.998438554422102165e-01,9.998991592694089769e-01,9.994076760115402358e-01,9.995499993493227597e-01,9.998769047733983006e-01,1.000493096993732456e+00,1.001077674819325303e+00
1.074551736955339898e+00,1.010757949957389323e+00,1.002067486988456491e+00,1.000237206942631296e+00,9.999793286848142060e-01,9.999609961067671415e-01,9.994266527694481983e-01,9.993377296937161480e-01,9.999136032798858764e-01,1.000575826164996629e+00,1.002533212704655119e+00
1.073952378355661041e+00,1.011207747437679050e+00,1.002023807384467391e+00,9.998254440815410593e-01,1.000220418815036538e+00,9.998685755837225519e-01,9.994229441519050239e-01,9.993182921095524751e-01,1.000034343000684833e+00,1.000804712517894046e+00,1.000543128993494735e+00
1.075483571426737450e+00,1.010700166716725912e+00,1.001590943972151981e+00,1.000280949398809849e+00,9.999300663353097862e-01,9.996885002278779186e-01,9.996545254345360343e-01,9.994992756326808170e-01,1.000109920134404806e+00,1.000216732907938111e+00,9.990203405896941335e-01
1.075353342746673491e+00,1.010141043644360304e+00,1.001697450828906488e+00,9.999471878614254461e-01,9.996672198033900170e-01,9.998148496763844539e-01,9.997734397525642747e-01,9.997239160965288862e-01,9.998995216341508563e-01,9.998387501940155797e-01,9.980788646180125401e-01
1.075978579238431765e+00,1.009765807136290272e+00,1.001348633988875969e+00,9.997904439829351508e-01,9.995523351938041534e-01,9.998640268005581921e-01,1.000088259108505850e+00,9.998966805889322185e-01,9.994830315404107379e-01,9.991761809719292842e-01,9.976626918910483921e-01
1.071711219180334851e+00,1.010178608351004037e+00,1.000923833297006071e+00,9.996874131349956505e-01,9.995590332958050883e-01,1.000192071350536560e+00,1.000130543560404206e+00,9.997074723868308865e-01,9.994812410505775624e-01,9.986096643881358093e-01,9.980018018119858336e-01
1.070454434190612814e+00,1.009771192497134429e+00,1.000988308013481376e+00,9.995938910313527659e-01,9.996736185411261300e-01,1.000462717477812902e+00,1.000002709083087415e+00,9.995618442115420388e-01,9.995114899490185056e-01,9.984010377441326911e-01,9.981582636792515340e-01
1.071816445416726937e+00,1.009174283777567460e+00,1.000880057312078852e+00,9.996610867288200364e-01,9.999635534207277354e-01,1.000322911674064397e+00,9.999698624943299530e-01,9.995118906599915753e-01,9.994950631067639479e-01,9.987933076985674452e-01,9.986396493581484179e-01
1.068758275597633034e+00,1.009305953306700587e+00,1.000659524242043963e+00,9.995549147655889977e-01,1.000262327292905873e+00,1.000214361785397355e+00,9.998130339122766053e-01,9.994339531310691971e-01,9.996430725739902101e-01,9.995508204168812583e-01,9.995270999423432334e-01
1.070816914577808143e+00,1.009007961390184338e+00,1.000482920394967223e+00,9.996710192830720043e-01,1.000192862924444315e+00,1.000156353572232426e+00,9.996923914083394314e-01,9.993034681798671492e-01,1.000029817011748978e+00,1.000212301745123433e+00,1.000580805442175869e+00
1.072653886428570624e+00,1.008739327948189768e+00,1.000625589843578300e+00,9.997238457864539019e-01,9.999302897152764213e-01,9.999155245593969177e-01,9.996309323143663939e-01,9.995633030767360205e-01,1.000289049203269887e+00,1.000443827840933331e+00,1.000529152549035405e+00
1.073349457549935826e+00,1.008903007713793265e+00,1.000811573242579300e+00,9.998306067778575112e-01,9.996487853245088484e-01,9.995846482734368488e-01,9.995528914973673684e-01,1.000116225712977425e+00,1.000448583620245468e+00,9.999529800621597131e-01,1.000271788058383127e+00
1.075292139571942585e+00,1.009518066933340785e+00,1.000828425278855072e+00,9.996896058274949981e-01,9.993809997757981956e-01,9.994384268399750804e-01,9.997084293473919026e-01,1.000357611846229400e+00,1.000531620982584524e+00,9.993512909780842834e-01,9.990631145388005896e-01
1.077442958799332162e+00,1.009233664345995152e+00,1.000706294277931452e+00,9.994443108276642729e-01,9.995449299496049766e-01,9.994596257037048348e-01,9.997507454696015206e-01,1.000427872109445504e+00,1.000445752257738574e+00,9.990112633994248093e-01,9.980498787550339257e-01
1.076853155967081532e+00,1.008782944672110826e+00,1.000319203186413874e+00,9.994431997598062223e-01,9.996596244082561755e-01,9.996294082848067308e-01,9.998640296669356609e-01,1.000113860093399420e+00,1.000416480360965199e+00,9.992936005736486882e-01,9.975093922530549051e-01
1.075619015254350774e+00,1.008720099442659723e+00,1.000297615225471226e+00,9.993676942732370172e-01,9.997153844003613399e-01,9.997315895625220605e-01,9.998779032338243056e-01,9.999799698011199167e-01,1.000283940188961607e+00,9.995279937581753593e-01,9.993130613011179664e-01
1.074061199144955792e+00,1.008733711507801223e+00,1.000276637490951526e+00,9.997529673867524558e-01,9.996109877837837665e-01,9.999719677701872644e-01,9.996139075822084719e-01,9.999641633365187188e-01,1.000198595934522983e+00,9.997513622127096600e-01,1.000956176473588144e+00
1.073195817240817140e+00,1.008788039201278686e+00,1.000511754247084051e+00,9.998551051432960080e-01,9.998299692637615532e-01,9.996477530084816321e-01,9.997611887464701308e-01,9.998757600308597615e-01,1.000080298400302548e+00,1.000350257325831826e+00,1.000598846612109627e+00
1.071496412089021799e+00,1.008756328649953904e+00,1.000896001089691234e+00,1.000127835548710209e+00,9.999005977493788944e-01,9.993921313063195422e-01,9.998317158261994519e-01,1.000045016457944858e+00,9.998670886482854403e-01,1.000178633089995772e+00,1.000044450345706215e+00
1.069805096355564089e+00,1.009065222311614773e+00,1.001275971644859597e+00,1.000121029250882199e+00,9.996103741267581277e-01,9.995895493456882219e-01,9.998697835420355950e-01,9.999383867024165262e-01,9.998023267347830867e-01,1.000122128379322017e+00,1.000362454282295754e+00
1.071584777630705920e+00,1.008838024984858084e+00,1.001415672304443616e+00,9.999041507844452781e-01,9.996695143500584635e-01,9.998018795708646378e-01,9.997873845829522432e-01,9.998033898256816210e-01,9.997765474662494434e-01,1.000156427912064272e+00,1.001443998204953223e+00
1.071627731974378994e+00,1.008984458718752864e+00,1.001593882259744550e+00,1.000077978531385137e+00,9.997849848432716069e-01,9.997507903062418100e-01,9.996871572857152222e-01,9.997497988480643638e-01,9.998986070507770441e-01,1.000109141120875123e+00,1.001281639312801008e+00
1.070486545394691680e+00,1.009041269399356899e+00,1.002044017462376146e+00,1.000426274984990815e+00,9.998683034114468349e-01,9.995329413905575944e-01,9.996374190382933955e-01,9.996952443424772516e-01,9.999549300310811573e-01,1.000439704283494269e+00,1.001383736683679304e+00
1.067771908914521894e+00,1.008956204593626005e+00,1.002380059184537542e+00,1.000391735074580568e+00,9.998117888013191568e-01,9.994471928033435981e-01,9.995306890140936984e-01,9.998321058625192492e-01,1.000034807478685117e+00,1.000389532944226278e+00,1.003151803479831683e+00
1.067053623034009302e+00,1.009017834968451544e+00,1.001936208558468433e+00,9.999264670813782230e-01,9.997689496726719360e-01,9.995546813853777302e-01,9.994888455525497983e-01,9.998111966887118784e-01,1.000304902567779264e+00,1.000774889572244808e+00,1.001491346660238202e+00
1.067168872886034459e+00,1.008599572566786229e+00,1.000923843593783946e+00,9.997901322544705538e-01,9.996999993341254553e-01,9.996970457242823072e-01,9.994712557939136044e-01,9.998653928079389575e-01,1.000755279707997047e+00,1.000151538087085124e+00,1.000287226956707798e+00
1.069146217665366105e+00,1.007102278713241539e+00,1.000441689994964856e+00,9.994207353026012264e-01,9.995677751286360380e-01,9.999824144585438557e-01,9.995869310914705652e-01,1.000109641791798509e+00,1.000289835122949889e+00,1.000148541289346493e+00,9.980117892885996822e-01
1.067388260902715436e+00,1.006897547006857074e+00,1.000002643423161475e+00,9.990266361456523470e-01,9.995878383283889335e-01,1.000050205173006912e+00,9.999966628162455518e-01,1.000044299724037300e+00,9.998720577361992490e-01,9.997045274703827422e-01,1.000600305911673260e+00
1.068255072241883097e+00,1.007314643468423698e+00,9.996629144585017501e-01,9.992996579639140675e-01,9.994245991901260506e-01,1.000019628949834649e+00,1.000377500764550787e+00,9.998052598854721973e-01,9.996859841220731013e-01,9.995857577195742527e-01,1.001636939510442081e+00
1.072843898502074067e+00,1.007715169940470723e+00,1.000044119296333411e+00,9.992025075201320661e-01,9.995751583274729013e-01,9.999306092435386040e-01,1.000208770492853283e+00,9.998875438197359911e-01,9.997793194566502173e-01,9.994652913230152036e-01,1.001865627298048178e+00
1.076182230649560090e+00,1.008722301552756884e+00,1.000270616090794373e+00,9.994419009169372980e-01,9.996541437430414012e-01,9.996336178692869501e-01,1.000023100021669276e+00,1.000020794326935913e+00,9.998706805063998226e-01,1.000190650237590129e+00,1.000275178207084670e+00
1.078702243557005946e+00,1.009410299258322485e+00,1.000635238082973721e+00,9.996806128681523518e-01,9.994874166674908578e-01,9.996994299231838355e-01,9.997343133977178997e-01,1.000072880567487221e+00,1.000071751077630466e+00,1.000363165351753958e+00,9.995017894233954037e-01
1.079454465690766973e+00,1.009323523182065641e+00,1.001163301520596294e+00,9.998693659647074350e-01,9.994036139532692653e-01,9.995695903027944640e-01,9.996987004855999448e-01,1.000083656203444971e+00,1.000146259002735016e+00,1.000182824778045543e+00,1.002438607692739625e+00
1.076419251367393137e+00,1.009518098789974339e+00,1.001222763738033539e+00,1.000085405422044715e+00,9.992994886203476756e-01,9.994182516530905058e-01,1.000022201007111811e+00,1.000037314127053323e+00,9.995784337947835052e-01,1.000777232544306061e+00,1.003868594112569568e+00
1.076340484759888305e+00,1.009707808570337040e+00,1.000836969033898738e+00,9.998810499030570398e-01,9.993663932629671676e-01,9.994767381295782682e-01,1.000220050815903372e+00,9.998238206089730129e-01,9.996457844203761045e-01,1.000428432323210215e+00,1.005437208844087937e+00
1.077584213863354234e+00,1.009174792887071792e+00,1.000750246848113756e+00,9.996452305951113448e-01,9.994030921683798585e-01,9.996887801400434759e-01,1.000183005991781782e+00,9.998510472716564124e-01,9.996566623319225187e-01,1.000084406981744278e+00,1.002794219876061765e+00
1.071475201921263221e+00,1.009205064126218687e+00,1.000313515365368389e+00,9.996551514861811150e-01,9.995960328923361171e-01,1.000042134761530699e+00,9.999682852027103053e-01,9.997448086795031053e-01,9.997205290324611138e-01,1.000167887054264515e+00,9.981836477127765672e-01
1.070931959430412750e+00,1.007956127436219207e+00,1.000233452758894304e+00,9.998780383118021087e-01,9.999521555593245958e-01,9.999075833049972939e-01,9.999677269715042671e-01,9.997198591939220336e-01,9.996543553509723568e-01,9.999712663169456617e-01,1.000072890405851567e+00
1.070364338199998100e+00,1.007302294418990218e+00,1.000411187084695674e+00,9.999448394660346295e-01,9.997482437186733240e-01,9.998281114933801339e-01,9.999711948916573112e-01,9.998876029136624100e-01,9.996525366659592127e-01,1.000011147555308844e+00,1.000930295297803863e+00
1.067957963310884661e+00,1.007697571250734114e+00,1.000618830323442898e+00,9.996399461111332707e-01,9.994060693330920619e-01,9.999007585709064339e-01,1.000088041306132824e+00,9.998462183823967342e-01,9.998045933879747826e-01,9.999896331550774953e-01,1.000796946158787337e+00
1.068010197657819793e+00,1.007957559704700801e+00,1.000674609496617240e+00,9.991437070105382290e-01,9.993865427144092983e-01,9.999364475737705371e-01,1.000171836796506231e+00,9.998951337217585333e-01,9.998046342159945254e-01,9.996934360040171663e-01,1.001298201944297306e+00
1.069567829627786404e+00,1.007981840461492196e+00,1.000861835734609295e+00,9.991583406117218180e-01,9.994113528678804093e-01,9.999568582917309767e-01,1.000261784947043209e+00,9.999318991241851196e-01,9.994281489019400944e-01,9.998346191076542544e-01,9.997860790111163798e-01
1.069541499926354167e+00,1.008153970269902722e+00,1.000729897139546631e+00,9.993285379980421101e-01,9.996121641978834571e-01,1.000093297555257665e+00,1.000221501289214165e+00,9.997549272168557710e-01,9.994663312881451045e-01,9.994224357105148115e-01,9.988474600913230805e-01
1.069862270311977115e+00,1.008610802837109910e+00,1.000352196861827858e+00,9.994510634159704532e-01,9.997691491428165600e-01,1.000019019478805671e+00,1.000181280875752643e+00,9.997855713463760230e-01,9.994422057550126359e-01,9.996003239459824163e-01,9.979753102477629811e-01
1.071052020983575437e+00,1.008749500926115594e+00,1.000256307284414392e+00,9.994953145679920103e-01,9.994807302394104198e-01,1.000103920666845392e+00,1.000171479330517421e+00,9.996898884082722203e-01,9.997691049547187125e-01,9.994082912409986141e-01,9.999264839600792154e-01
1.072573482595500005e+00,1.008991637129051266e+00,1.000342566767509211e+00,9.992485192923932225e-01,9.993768161338464351e-01,9.999636585692597279e-01,1.000245111232888062e+00,9.996671305254826168e-01,9.998340581743085931e-01,1.000188945845978505e+00,9.995211316288702408e-01
1.072439941303985567e+00,1.009617726750605904e+00,1.000455658762724465e+00,9.989088403139035899e-01,9.993407420346613890e-01,9.999668690966618811e-01,1.000077880206259984e+00,9.998546493918673006e-01,9.999235003790674092e-01,1.000316909125603004e+00,9.992234187091254549e-01
1.071670783935733118e+00,1.010379811884544621e+00,1.000326068711752781e+00,9.988892738411485617e-01,9.995041521228369419e-01,9.997936559176624494e-01,9.999539726715115373e-01,9.999435062684972619e-01,1.000005674197735006e+00,1.000434727526505085e+00,1.001754146772387610e+00
1.073627102230775288e+00,1.010406822280375261e+00,1.000552461701048390e+00,9.991949748523554220e-01,9.994297356643346841e-01,9.996871559650473138e-01,9.997832065143675839e-01,9.996917765278506840e-01,1.000440597468432502e+00,1.001352723750591922e+00,1.003025176169922927e+00
1.075339075015070645e+00,1.010236791250395338e+00,1.000783800664610368e+00,9.991999902339647743e-01,9.993182117270930087e-01,9.996585755882682056e-01,9.995806793316347472e-01,9.997596701077293702e-01,1.000596885716885209e+00,1.001921447360214490e+00,1.003973500919238759e+00
1.074790481543504761e+00,1.010121712760679413e+00,1.000808638182330457e+00,9.992843900830937764e-01,9.992457607427291943e-01,9.995143347070397644e-01,9.995230372491445969e-01,1.000029157574743532e+00,1.000717637069709065e+00,1.001667172028063657e+00,1.001842451864455086e+00
1.075675977165037933e+00,1.009954159910556371e+00,1.000960462879301849e+00,9.994315109862648150e-01,9.992162841176089882e-01,9.993838955312543959e-01,9.996699429167050788e-01,1.000268384759618323e+00,1.000605461133549090e+00,1.000478953575630214e+00,1.001347578439758745e+00
1.075255840878465374e+00,1.010739665197432524e+00,1.001306109887612816e+00,9.993652751737490680e-01,9.990529268310730515e-01,9.995114156826637730e-01,9.997904794161799336e-01,1.000208977592168313e+00,1.000385138087549919e+00,1.000338780014311979e+00,9.994314102679231482e-01
1.077522735170689527e+00,1.011311298579141926e+00,1.001504237305157696e+00,9.993689564928588398e-01,9.992125420499510247e-01,9.994889781083260427e-01,9.998240837288365768e-01,1.000319885864221492e+00,1.000080982934643536e+00,9.998213969557400160e-01,9.985469064867275035e-01
1.077553848502047495e+00,1.010883239422390556e+00,1.001425756545015089e+00,9.994166801070704098e-01,9.994948026613285075e-01,9.997230977402776775e-01,9.999337337106311008e-01,1.000087992470752862e+00,9.996460217296418982e-01,9.993250981358509089e-01,1.001370128768716450e+00
1.077350038563321899e+00,1.009661306606951081e+00,1.001032058695503713e+00,9.998401113515296146e-01,9.998492187676024656e-01,1.000027151048310747e+00,9.999027609861397270e-01,9.997713480160923538e-01,9.994030571061108814e-01,9.992407775570818496e-01,1.000584936411926362e+00
1.076105079508961060e+00,1.009046900960453685e+00,1.001026029539346496e+00,1.000044311413806009e+00,1.000293530992797830e+00,1.000196528163734611e+00,9.997353063489387015e-01,9.996835666797033726e-01,9.991811836014132808e-01,9.991299537942024411e-01,9.984142622148181045e-01
1.074083870194151080e+00,1.008464513665673801e+00,1.001516716780017191e+00,1.000701841892269961e+00,1.000337481316884380e+00,1.000168711283466738e+00,9.997580530220675499e-01,9.995891015834315052e-01,9.991116727569023803e-01,9.986473410532791251e-01,9.965700527580735324e-01
1.072418968542870221e+00,1.008592011785646392e+00,1.002021596352890231e+00,1.001019173023166342e+00,1.000178709282520506e+00,9.999846916106723826e-01,9.997791953469750137e-01,9.996158365527957335e-01,9.994784317065902313e-01,9.978881554806185994e-01,9.962511186270610608e-01
1.069826822583948900e+00,1.008578564396922950e+00,1.002211384242017056e+00,1.000740138484670583e+00,1.000212485506385196e+00,9.997281781586423444e-01,9.998821381937861297e-01,9.998058442059017947e-01,9.993881323805440253e-01,9.980945502065438069e-01,9.964987385312280566e-01
1.066721407341998606e+00,1.008509622238306758e+00,1.001628836455028537e+00,1.000705390895507030e+00,1.000134873062353602e+00,9.997759931668676048e-01,9.999050402067195531e-01,9.997516341199413903e-01,9.993583675086596951e-01,9.989218112824339579e-01,9.968052279305021912e-01
1.069076956597904360e+00,1.007953405616329512e+00,1.000966548380640253e+00,1.000610662016949703e+00,9.999775570069948660e-01,1.000002284634446070e+00,9.997936523606295589e-01,9.998061008585725773e-01,9.993399782349631222e-01,9.991090997984777289e-01,1.000762504636490968e+00
1.072524558663653593e+00,1.007986894463115179e+00,1.000791077483460079e+00,1.000299067737621117e+00,1.000009954984818927e+00,9.999594262907837150e-01,9.997565295881385428e-01,9.997636441754278458e-01,9.994843513398765644e-01,9.995578873700989853e-01,1.002956634701659633e+00
1.075644790735092782e+00,1.008539124108515983e+00,1.000649082412350399e+00,1.000139096444061959e+00,9.999379258391165592e-01,9.997513838052649593e-01,9.997495505877992406e-01,1.000003298879806879e+00,9.994970684212127754e-01,1.000142321677818469e+00,1.000137781338105381e+00
1.076439807777672231e+00,1.008840400590881980e+00,1.000712296412793911e+00,1.000067213965020851e+00,9.997171843064714958e-01,9.996334447782057042e-01,9.999219401422061448e-01,1.000056362235270724e+00,9.997509178679099273e-01,9.994326261241617271e-01,9.999928475120339888e-01
1.075009560469188052e+00,1.008590266979662475e+00,1.000839528246503241e+00,9.998249454688487026e-01,9.992379246451222885e-01,9.998664291401357929e-01,9.999704172208099262e-01,1.000081109173249772e+00,1.000019196820891576e+00,9.990768497157564987e-01,9.979588687587243045e-01
1.073907869681818728e+00,1.008550820004313398e+00,1.000782048190747231e+00,9.992684085898231316e-01,9.990803528468189532e-01,9.999720683120633113e-01,1.000082568896777824e+00,1.000101418005614251e+00,1.000257575523114895e+00,9.987228652929871497e-01,9.955980140443376758e-01
1.072893313120043102e+00,1.008928213566204990e+00,1.000158297353112458e+00,9.990182966057392644e-01,9.992314536686409676e-01,9.999454166670214139e-01,1.000168999508389778e+00,1.000243490392052959e+00,9.997855170021722193e-01,9.992596931375701264e-01,9.970192594136533248e-01
1.074204813157805916e+00,1.008267996784519172e+00,9.998023006982148519e-01,9.990427847393986704e-01,9.995041557540531585e-01,1.000030787461992698e+00,1.000229049235530798e+00,1.000082887494866402e+00,9.994936392746391896e-01,9.994118255677053586e-01,9.998403075643659266e-01
1.073491969022078329e+00,1.007622184394859843e+00,1.000119123632829066e+00,9.995879070901131369e-01,9.994510927405292344e-01,1.000229318093843078e+00,1.000168603024121694e+00,9.999058919412542323e-01,9.993271248780764004e-01,9.994101703261027980e-01,9.992207820068966795e-01
1.070251779046740515e+00,1.007778562309674886e+00,1.000821393798951631e+00,9.996076882518734052e-01,9.995526898709998775e-01,1.000151212292047287e+00,1.000138704090732134e+00,9.997820066874911760e-01,9.994396950773779542e-01,9.993754747963222718e-01,9.983739327722458423e-01
1.069788853799984896e+00,1.007729138933994628e+00,1.000993400881324380e+00,9.998994983044280360e-01,9.995489690314910414e-01,1.000020966383283971e+00,1.000040990593262125e+00,9.998053994353950369e-01,9.996246036514929711e-01,9.992036685754671632e-01,1.000391141613564017e+00
1.069004020402460675e+00,1.008235765042242882e+00,1.001112187423686350e+00,9.997253339772769198e-01,9.994922298052441034e-01,9.998610975145991731e-01,9.999499774904294647e-01,9.997704188698609551e-01,9.998835130762778745e-01,1.000154053745626381e+00,1.000527608975609439e+00
1.071659324234452537e+00,1.008587281553530834e+00,1.001137983809212928e+00,9.994229177882629767e-01,9.993039554343746689e-01,9.997157758140942097e-01,9.999386578001514536e-01,9.999336602500294990e-01,9.999638462691394780e-01,1.000731524085724411e+00,1.001200723601012088e+00
1.072124795580884582e+00,1.008622080267536969e+00,1.000742174075480273e+00,9.994403108501761501e-01,9.992466418906652548e-01,9.997005816989479321e-01,1.000032847254194612e+00,1.000012177678523129e+00,9.999268881371475848e-01,1.000521223935523452e+00,1.000927349565824631e+00
1.071706016885030754e+00,1.008375949213679901e+00,1.000139365798942359e+00,9.995081189272388977e-01,9.995756399533666237e-01,9.997975579638197496e-01,1.000075501500838460e+00,9.998321016447182519e-01,9.998406835937441173e-01,1.000356573923567360e+00,1.001474975876815332e+00
1.071893941253926563e+00,1.007696147660928521e+00,9.997096723780664052e-01,9.997464539575399156e-01,9.998282235341575674e-01,1.000025321187576255e+00,9.998717267639031236e-01,9.995550496048902778e-01,1.000070940127493646e+00,1.000309673612249872e+00,1.003145949966105288e+00
1.072129977302404891e+00,1.007461262219149445e+00,9.998185500516096891e-01,9.998897735319297597e-01,9.998585997932940561e-01,1.000042236719692168e+00,9.998670296261185086e-01,9.995636324977952292e-01,9.999274722857507403e-01,1.000389915631248794e+00,1.002059433833503155e+00
1.071188169228986853e+00,1.006618973601541178e+00,1.000137392676866854e+00,1.000087391830186689e+00,9.999040987439407058e-01,9.998581100518925124e-01,9.999768312771040168e-01,9.996982433253189804e-01,1.000022410326983469e+00,9.994638882963973181e-01,1.000506083182913786e+00
1.067482926216450689e+00,1.005896020573354477e+00,1.000405156118411742e+00,1.000206978318807893e+00,9.998640726261008860e-01,9.998340947134066736e-01,9.998496739377534803e-01,9.998493711672968853e-01,1.000134956373111894e+00,9.992924412103507681e-01,9.996405445913560950e-01
1.064555922516836173e+00,1.005751924567794164e+00,1.000659887450376040e+00,9.999849007383028177e-01,9.997756959352025463e-01,9.997847821224203901e-01,9.998151309890233041e-01,9.999987029057670895e-01,1.000138809918128979e+00,9.995674575948944041e-01,9.984488739682318981e-01
1.065003426823266208e+00,1.006276662600903204e+00,1.000507130665666988e+00,1.000057862610157278e+00,9.995951152570995424e-01,9.996741734799187151e-01,1.000017883029436172e+00,9.999184108951093553e-01,9.998339958837371144e-01,1.000551374085158818e+00,9.998482509285936404e-01
1.066112065549198906e+00,1.006674841585478264e+00,1.000417544244494694e+00,9.998761408247026639e-01,9.996520961105840319e-01,9.997422833759019856e-01,9.999303623292077337e-01,9.998164473388913009e-01,1.000008892312862496e+00,1.000482792364474793e+00,1.002356349565943772e+00
1.068011611615871104e+00,1.006656630052461754e+00,1.000281329654191698e+00,9.998147676276786244e-01,9.997387987404480203e-01,9.999477803502082596e-01,9.997477877602881646e-01,9.996670057556203970e-01,1.000161202174058017e+00,1.000680800933149817e+00,1.002337235863978160e+00
1.069407491213982153e+00,1.006854512722560990e+00,1.000260944574665078e+00,9.999629608543217918e-01,9.996881415725880071e-01,1.000041112272896271e+00,9.996333587641496043e-01,9.997581887978662651e-01,1.000063516836682043e+00,1.000610687504385643e+00,1.001990119376081401e+00
1.069217898408089340e+00,1.007130222117906149e+00,1.000367180864957906e+00,9.998398378761835792e-01,9.997589054320018542e-01,9.998588285028144895e-01,9.998243720804597112e-01,9.999162190407617778e-01,9.998423230959166963e-01,1.000126088729821339e+00,1.001896389532189513e+00
1.068595100796953190e+00,1.007353608522287391e+00,1.000717559840708093e+00,9.997318528050047615e-01,9.998399122372032544e-01,9.997824198326750178e-01,1.000093820395756783e+00,9.998257514918669209e-01,9.995730913160021380e-01,1.000024687161243486e+00,9.990895689895642473e-01
1.069324219460919156e+00,1.007523564708337371e+00,1.000851017669428744e+00,9.995957917969443551e-01,9.999233856085089078e-01,1.000104902609365354e+00,9.999857585058470333e-01,9.997029271433588438e-01,9.996059751822466977e-01,9.993670991765317702e-01,9.979152636018155942e-01
1.069928803585776800e+00,1.007720611973270231e+00,1.000600820621368348e+00,9.997897765215345567e-01,1.000148071574752384e+00,9.999991073994272117e-01,9.999679329212571854e-01,9.998844753860731682e-01,9.993600627277292592e-01,9.989020403817283622e-01,9.991135398627063458e-01
1.070307671199835609e+00,1.007652533862628319e+00,1.000635765119348708e+00,9.999436071397810322e-01,1.000028864321033550e+00,9.999536708251924866e-01,1.000062373725443043e+00,9.999721335027389468e-01,9.990456538274613552e-01,9.992091425358282653e-01,9.990165946346215575e-01
1.069721246826038641e+00,1.008091448395617817e+00,1.000468702375964636e+00,9.999643651690230950e-01,1.000008718838238497e+00,1.000022501885366122e+00,1.000151727495802945e+00,9.994479724634379725e-01,9.995093005600667047e-01,9.997768843134400285e-01,9.978126036478675021e-01
1.071340383517289885e+00,1.008052778208515576e+00,1.000691230982875490e+00,9.995667251229122252e-01,9.999080372150489504e-01,1.000172476881839190e+00,9.999876057575070032e-01,9.994832428166624538e-01,9.996194080899173384e-01,1.000117469174714557e+00,9.978228133520598009e-01
1.071302816983827677e+00,1.008332658674476523e+00,1.000734252526318535e+00,9.994448499042044576e-01,9.997484728703209811e-01,1.000001202019313196e+00,9.999667563117623503e-01,9.999236659298913477e-01,9.996127913623530370e-01,9.995250322035525992e-01,9.979893420591888775e-01
1.072389076536563790e+00,1.009027641694317357e+00,1.000666422370416253e+00,9.995772051568776462e-01,9.995106773544665257e-01,9.997858401727111044e-01,1.000046994862435312e+00,1.000142492647764891e+00,9.996682567632746430e-01,9.994177940400523763e-01,9.973779272344224234e-01
1.074620691465407729e+00,1.009460836539127992e+00,1.000705083408008234e+00,9.998244330829361148e-01,9.994449108883186605e-01,9.996874395933947888e-01,9.998420833226514537e-01,1.000257101061092779e+00,9.998008093380141847e-01,9.997828284974190627e-01,9.976909324227840603e-01
1.073586974257874749e+00,1.009764158374342635e+00,1.000991319422986248e+00,9.998426077908163512e-01,9.994066988331702373e-01,9.997841397806657149e-01,9.997554818094546158e-01,9.998934835895817441e-01,1.000189622455477156e+00,1.000037180535681802e+00,9.993114229865069920e-01
1.073120267502385650e+00,1.010241304578398669e+00,1.001029339084947178e+00,9.994609002869520031e-01,9.995493756292116450e-01,9.998046027705519423e-01,9.998649699473298735e-01,9.994104233926224268e-01,1.000558051747918231e+00,1.000730270120398613e+00,9.977161264113465489e-01
1.073418206758916416e+00,1.009819499370916640e+00,1.001038620947446889e+00,9.991514791473790069e-01,9.993907277408862200e-01,9.999218836652846720e-01,9.998694190142258797e-01,9.995462068790288424e-01,1.000220303817333400e+00,1.001069943885386726e+00,1.001325013904701411e+00
1.075295094214164138e+00,1.009030112571594584e+00,1.000551138057184986e+00,9.990606881177646059e-01,9.994331768247871617e-01,9.999872619300089749e-01,9.998211559989972352e-01,9.996716345821381466e-01,9.999879020471900137e-01,1.001463931984181599e+00,1.003498412749581847e+00
