2.009972287501445715e-02,5.924942723752918997e-05,-4.925479463780639539e-05,-4.866807045913012337e-05,-1.113149993604395915e-05,-2.656881982738164136e-05,2.269753959464732482e-07,3.026311838374728155e-05,2.102935078503673526e-06,-2.837291392510633172e-05,-7.585038423623793381e-05
3.429288425470286561e-02,4.932687043811189104e-04,-8.135699408985863277e-05,-7.415346127709092556e-05,-2.724587697598071710e-05,-2.259388566630526400e-05,-1.532483447674968803e-05,-3.764341900382982704e-05,4.287968477409057457e-05,5.050358208585942644e-05,6.719463889120672441e-05
4.428983684217322608e-02,1.902180028908888581e-03,-1.638904230774352049e-04,-2.071929089326442493e-05,-1.019353410506700650e-04,5.196598021325350963e-05,-1.379517855522419088e-05,-8.875690171573842905e-05,-3.843552083796303662e-05,1.388817587234941482e-04,-1.566149409779052566e-04
5.262028410254588479e-02,3.999584547614982478e-03,1.610540897049981971e-04,-2.536070931630587423e-04,-1.759906010797507249e-04,9.369239278810099158e-05,5.176292204823703443e-05,-1.583249489725732629e-04,-9.222732558416150213e-05,6.400135433235870077e-05,2.318159599304626692e-05
6.093742485031509309e-02,6.290408305593590300e-03,9.471629423626827700e-04,-1.904289289626431652e-04,-2.331759458988179746e-04,-4.892541876549025103e-05,-2.987004062306002072e-05,-7.925431554010813171e-05,-1.137885026923577265e-04,-2.656715549123727098e-04,-2.115882480274217017e-04
6.741505304590558745e-02,9.077726998988885909e-03,2.174856415667921275e-03,2.562797319205889057e-04,-3.697165496367865734e-04,-2.188498679483954384e-04,-1.056576967289674291e-04,-8.956279606470912756e-05,-2.328506376442192674e-04,-4.006668904293868966e-04,-5.106201694953137670e-04
7.515151043111176210e-02,1.108431743306815057e-02,3.266328778023321749e-03,6.607580863876852048e-04,-4.501937050975529262e-04,-3.577359954495487756e-04,-1.485112258159316970e-04,-1.661907951501670705e-04,-4.111549016824400313e-04,-2.736439930892946184e-04,-3.974648404855029606e-04
8.367298348371056405e-02,1.380648850001586422e-02,4.695802771998775459e-03,1.188648812308845670e-03,-3.582084805817868731e-04,-4.753836357321156170e-04,-3.565377065497619263e-04,-3.069087979952247460e-04,-5.116737391027928895e-04,3.172443732366403386e-05,4.864698142467092901e-04
8.990814458551976696e-02,1.689779825050811979e-02,6.061130697522820396e-03,2.073650833004315932e-03,5.267249116752710769e-05,-5.411764197641287131e-04,-8.181472311015381598e-04,-7.852231502019752472e-04,-4.116051001683588510e-04,3.820717232552765731e-04,1.157920278750491656e-03
9.300359857315364243e-02,1.928322248574083214e-02,7.637853182164555145e-03,3.145407551574343295e-03,4.010478892202318691e-04,-6.880262609343396757e-04,-1.169371194565586945e-03,-1.180457006831540099e-03,-5.532987450707582645e-04,2.420487565488035550e-04,1.852835491078942427e-03
9.738351566625803868e-02,2.162054674112617175e-02,9.439419075883706545e-03,4.171174127285791865e-03,4.475986511398630631e-04,-1.055852756376053940e-03,-1.365865169066075987e-03,-1.346190734784871116e-03,-6.373119738118685970e-04,6.572291808564218038e-04,2.334409735794947937e-03
1.025835159056928403e-01,2.444216806857337290e-02,1.131569989452389964e-02,4.898888578113940080e-03,5.582977327064993396e-04,-1.175774930416662208e-03,-1.886115564005228645e-03,-1.613851747264917827e-03,-6.853821806630079963e-04,1.148625370856452875e-03,3.745175004224287913e-03
1.062984600207514535e-01,2.845924572072202827e-02,1.306491749156361501e-02,5.505484324772698043e-03,9.774534417612899644e-04,-1.137959461934648538e-03,-1.979261723790589917e-03,-2.033817910472692728e-03,-1.076560382116469820e-03,8.736731726776051201e-04,3.882030714904480088e-03
1.140663047279051739e-01,3.148068893333266088e-02,1.450003264381657421e-02,6.164889334385425385e-03,1.462919956063736234e-03,-8.970159676186332523e-04,-1.722509341755711293e-03,-2.141272909542159524e-03,-1.779688444879062382e-03,-5.596640735583236848e-04,1.458529458909772454e-03
1.203916015173195492e-01,3.478925250747734454e-02,1.613900535562733454e-02,7.083151783332744360e-03,1.613867826635643132e-03,-7.094418613589454324e-04,-1.799791483995368327e-03,-2.058349023764839605e-03,-1.793656942056469101e-03,-1.235163766877375030e-03,-1.275889824742470601e-03
1.244708461523498649e-01,3.746298335084672498e-02,1.745591802898537048e-02,7.958426359261857458e-03,2.246580291822421020e-03,-4.607767376548033774e-04,-1.942811027045023790e-03,-2.345290019246291501e-03,-2.254543478255173223e-03,-1.975839179900950975e-03,-3.768155819672652698e-03
1.279440609985948718e-01,3.927152417116637484e-02,1.833891677564749093e-02,8.513962952338811896e-03,2.775335729708480140e-03,-1.178182045112729636e-04,-1.794988397465258805e-03,-2.934438209084100010e-03,-2.922838841585157551e-03,-2.775613196859128950e-03,-2.876413346002029518e-03
1.306891864592960584e-01,4.008494366113454777e-02,1.958660881045916000e-02,9.993625691845069853e-03,3.955929422505504063e-03,2.724056065452329085e-04,-2.128319180166696276e-03,-3.630781641536983285e-03,-4.425089861745850998e-03,-4.231569012108975410e-03,-2.900132714218482243e-03
1.345759177138324825e-01,4.250903508667894237e-02,2.195801153640365364e-02,1.227910638364526456e-02,5.619861234519997473e-03,8.822567437310056999e-04,-2.600579766018690318e-03,-4.960455881851649762e-03,-6.572896300304920635e-03,-6.361846439662770594e-03,-5.369747840261672976e-03
1.399755965504645983e-01,4.642812309670946158e-02,2.494259685751450822e-02,1.456363044115565122e-02,7.240204688946251695e-03,1.868131301095773836e-03,-2.668482682206979508e-03,-6.335841201022633477e-03,-8.724034702776394673e-03,-1.040713139430694129e-02,-1.230100045457992348e-02
1.465058601249079606e-01,5.186502258195629933e-02,2.971020387793663065e-02,1.782419618479227919e-02,9.376187896621606191e-03,2.958039973079634646e-03,-2.807305190716835510e-03,-7.672757257346484935e-03,-1.171518433500091244e-02,-1.414195857993359208e-02,-1.666848545429087600e-02
1.514170244148856925e-01,5.690895043441149964e-02,3.390087329256032123e-02,2.088697037752476962e-02,1.136740042386756230e-02,3.613039765007189288e-03,-2.819949978556499266e-03,-8.126748796700399707e-03,-1.302492262928262035e-02,-1.569233615268099055e-02,-1.700283522538870162e-02
1.582891603805146596e-01,6.168280468655421012e-02,3.697384189992635600e-02,2.265851695610101441e-02,1.260014797478892570e-02,4.436193848750658031e-03,-2.284518817904156868e-03,-7.786813118338415524e-03,-1.302973315875466907e-02,-1.713853747637384545e-02,-2.028523884212835027e-02
1.645044859321040109e-01,6.567946008668944236e-02,3.943621840565452591e-02,2.444047875910720924e-02,1.325251779545563377e-02,4.855917179752582136e-03,-1.733365329142392327e-03,-7.055473546401058553e-03,-1.324300349562277865e-02,-1.879765008359571277e-02,-2.423910111857176947e-02
1.654447948306851657e-01,6.862729242488531389e-02,4.131588402416011552e-02,2.583937592110909995e-02,1.384401969694796022e-02,4.758173734733809473e-03,-2.059114579206234100e-03,-7.194910841860845466e-03,-1.367247202826109460e-02,-1.871780217912289920e-02,-2.299088997714053909e-02
1.673245576143848612e-01,7.147807431736276362e-02,4.335326316127340734e-02,2.679226702453443507e-02,1.413843159589682832e-02,4.232152128812693460e-03,-2.984141861801038569e-03,-8.619129505672297117e-03,-1.454458789062445558e-02,-1.959541322295470581e-02,-2.181929381771219659e-02
1.742454662686642730e-01,7.578458241856764199e-02,4.694885570111227702e-02,2.866209093033149705e-02,1.392089336297878954e-02,2.937019616063527364e-03,-4.146368778167135866e-03,-1.001935677905786866e-02,-1.592670498675564927e-02,-1.984306014611349547e-02,-2.354284232874755828e-02
1.798836430952540644e-01,7.799798573933799939e-02,4.652879023879103598e-02,2.744869443583718496e-02,1.300382060084056754e-02,1.759551410707731103e-03,-5.253635257409197679e-03,-1.005194384719705625e-02,-1.503542051460697061e-02,-1.772551442684952919e-02,-2.036679054154380206e-02
1.775670403088273341e-01,7.530093546289380602e-02,4.288435069310240350e-02,2.501779933644184689e-02,1.175704415372470606e-02,1.769320490104934942e-03,-4.618861948651173388e-03,-8.939333343392540793e-03,-1.294071482927420039e-02,-1.557317771477453351e-02,-1.728557318377578478e-02
1.738719177895082790e-01,7.071064366655827049e-02,3.974811267339366239e-02,2.218444704451089794e-02,1.052530116666831189e-02,2.238083768917981456e-03,-2.969202204639657429e-03,-6.719293620303538016e-03,-1.058314006986569439e-02,-1.542533662603093846e-02,-1.953624398877052554e-02
1.675515109065386643e-01,6.740391627044645118e-02,3.670289785176508723e-02,2.033185806507446444e-02,9.526393348658691515e-03,2.021902712695397824e-03,-2.312403509708799675e-03,-5.596325390578911312e-03,-1.001153209991621600e-02,-1.471319091210383095e-02,-1.930111302774677531e-02
1.654960437289699493e-01,6.589860397501964839e-02,3.470540068350461138e-02,1.894715477400558262e-02,8.534597429953520373e-03,1.595993900115386934e-03,-2.864295224874895390e-03,-6.193347925115490378e-03,-1.030645371279685640e-02,-1.438626684248415707e-02,-1.784377340314204780e-02
1.717604711990105282e-01,6.567366447203488999e-02,3.474755897247337744e-02,1.848166503064537641e-02,8.266660744339206918e-03,1.378686471188957704e-03,-3.715446909124180738e-03,-7.144108557370081221e-03,-1.112498021560990105e-02,-1.443919025978460634e-02,-1.859965001739586482e-02
1.718817678744600508e-01,6.575420185409297513e-02,3.541047644594309818e-02,1.872408643311274795e-02,8.263549286146643080e-03,1.256585695648485598e-03,-3.794918171070238259e-03,-7.505273673855136427e-03,-1.104740220581836019e-02,-1.376769242326747987e-02,-1.447276319149004564e-02
1.692601549607615219e-01,6.593099343377235855e-02,3.555242998531003840e-02,1.949254992712300474e-02,8.158990861783427251e-03,1.300744740899566036e-03,-3.857732248514633352e-03,-6.919349388861174149e-03,-9.764709816202636616e-03,-1.095247233338809967e-02,-1.178063423742478459e-02
1.682060125573857368e-01,6.457416471124564905e-02,3.494569338094384581e-02,1.884546210817175313e-02,7.518467918527678429e-03,8.528913634753831907e-04,-3.388305539334220823e-03,-5.953067965433067078e-03,-7.440314691891870141e-03,-8.389255505610648811e-03,-8.835952673621196365e-03
1.664446548338070209e-01,6.148956965321927814e-02,3.308048720348942540e-02,1.793642474109656895e-02,7.590918546874848676e-03,9.155708447187886146e-04,-3.001851342418479680e-03,-4.934879342971472058e-03,-7.121322059727396014e-03,-9.261912704394831275e-03,-1.064419181935047191e-02
1.639224345430310703e-01,5.953818129726487496e-02,3.226904317497066021e-02,1.799250569436506783e-02,8.066321982390321430e-03,1.093131515685965725e-03,-3.191608851847858169e-03,-5.597680062845997347e-03,-8.030344077504919173e-03,-1.083866260334359968e-02,-1.504444777270542814e-02
1.623496259997482261e-01,6.142317845339381743e-02,3.424131642963692407e-02,2.006434158352528307e-02,9.758334513219585338e-03,1.844909641413647284e-03,-3.317449139793733539e-03,-6.398891045085311653e-03,-9.343964867747000733e-03,-1.218190697077020830e-02,-1.543778101569252652e-02
1.617127339409985265e-01,6.333692299468303422e-02,3.661889519600230319e-02,2.197064331298318601e-02,1.125713328402445923e-02,2.786473110273737439e-03,-3.122262313020269641e-03,-6.444436545979616987e-03,-9.352790976657931327e-03,-1.266858203538211679e-02,-1.761110748596436335e-02
1.625883450021561316e-01,6.339630399482248935e-02,3.656894749755595919e-02,2.167533585264916351e-02,1.049035164901488890e-02,2.287610687696598269e-03,-2.946432090795697914e-03,-6.155092273896224306e-03,-8.966377731067537438e-03,-1.156614747853156391e-02,-1.437834953410955206e-02
1.632118970070472741e-01,6.366292767863346302e-02,3.565693290842096574e-02,2.010495430396380678e-02,9.011094655439278248e-03,1.005092494002599642e-03,-3.693090643074501637e-03,-6.427621350049109172e-03,-7.895652182007028771e-03,-8.867646933892801495e-03,-9.420381830617793537e-03
1.654650751774436879e-01,6.397114383227726908e-02,3.477051413541359937e-02,1.902190374902631292e-02,8.148320820832558736e-03,-3.453706371908821520e-04,-4.720857471208333815e-03,-6.799267914344826746e-03,-7.538409730664177855e-03,-5.851735299422914684e-03,-2.403576615572067428e-03
1.663341206363386504e-01,6.276451333769357543e-02,3.355224413260586569e-02,1.792218700460584263e-02,7.113449780260169830e-03,-5.183535460007544175e-04,-4.852412822508556448e-03,-7.185702715519512104e-03,-7.280647533412838539e-03,-5.416221804017400110e-03,-1.640620038676595099e-03
1.647780894025701603e-01,6.073712183056199920e-02,3.211442646670546741e-02,1.711279105532514597e-02,7.277848333680068775e-03,6.188802021159843601e-04,-4.362103218678264720e-03,-7.362527078798887341e-03,-8.328238969562739083e-03,-8.031880483903595935e-03,-8.084816137960493601e-03
1.611342970648588502e-01,5.785145426959473203e-02,3.033816467991195739e-02,1.650251520014116985e-02,7.775029366344738541e-03,1.643821542333322302e-03,-3.466993130725036509e-03,-6.940889255301518207e-03,-9.989086429633510511e-03,-1.270895581777281048e-02,-1.495154006119573178e-02
1.579551194365744204e-01,5.719808632216624722e-02,3.025496480147472564e-02,1.713558720818740208e-02,8.254022901546861218e-03,2.222341285710718612e-03,-3.001680025511538254e-03,-6.717780888715502684e-03,-1.137935238547285559e-02,-1.561269626351651646e-02,-1.839350403545847445e-02
1.572299460586854825e-01,5.721361966860571968e-02,3.192665446698069592e-02,1.864707632459608466e-02,9.000599439632921833e-03,2.221270265469622862e-03,-3.059145034936621831e-03,-7.098423201929405894e-03,-1.151177572112998572e-02,-1.532737942025261084e-02,-1.910374093171585824e-02
1.578987860082368133e-01,5.956230916466639241e-02,3.450421108373318002e-02,2.076335553565411898e-02,9.964656738602044664e-03,1.754580166878569282e-03,-3.641554740216154835e-03,-7.244295539641039741e-03,-1.116169377564784314e-02,-1.501334010912611962e-02,-1.759309248733545092e-02
1.622724119017115718e-01,6.242386571329767292e-02,3.690953985191849224e-02,2.175973899616340246e-02,1.007360487527879031e-02,1.428717633245364920e-03,-3.664153077396656646e-03,-7.218018287946804078e-03,-1.124008481034072249e-02,-1.602911915979517848e-02,-2.057146762091938835e-02
1.670079176138775656e-01,6.629609841583136709e-02,3.856784154166076339e-02,2.263547387065407979e-02,9.868695238364030148e-03,9.147908226823393135e-04,-3.659804078531829052e-03,-6.831466641719741162e-03,-1.120476733728735519e-02,-1.569109634497875549e-02,-2.009899778289397920e-02
1.698629204393933556e-01,6.834946550358338146e-02,3.966517534037275472e-02,2.263628261254350960e-02,9.893634300821635072e-03,9.924180661232699565e-04,-3.602527790548803403e-03,-6.716809226600083116e-03,-1.032929212772028260e-02,-1.301033670127848575e-02,-1.620711704775722878e-02
1.714466471947631299e-01,6.989385767872219324e-02,4.029699710419046288e-02,2.291094899766588783e-02,1.028142711883697248e-02,1.554365039899861670e-03,-3.606521664997920564e-03,-6.818946474896522489e-03,-9.402744510027453637e-03,-1.027998323041867494e-02,-1.121609698011605434e-02
1.719504614822713051e-01,6.976457246583156468e-02,4.039203929968110396e-02,2.348868963291946693e-02,1.087294654334891759e-02,1.735106391489765016e-03,-3.560796076003922526e-03,-6.112859834850894146e-03,-7.561941018763489002e-03,-8.493190463703717205e-03,-8.779431530042574802e-03
1.699516332170660227e-01,6.880120055477281782e-02,4.008440329063581165e-02,2.332330309457758197e-02,1.089496176720557152e-02,1.919654401615307438e-03,-3.346062690124711626e-03,-5.686407811302396885e-03,-6.504665768381008746e-03,-6.673051713173726827e-03,-4.838083923256983852e-03
1.665914847799079279e-01,6.803906204286191972e-02,3.921723101359064073e-02,2.295797614490039176e-02,1.053677272991822289e-02,1.604028318943195820e-03,-4.021192824581780283e-03,-6.346991876777351854e-03,-6.490532751697224677e-03,-5.652622378958763183e-03,-4.394379509820292226e-03
1.678571723269264848e-01,6.794271979829981378e-02,3.883051337041601436e-02,2.220139818965568071e-02,9.675362739911496507e-03,6.043604759723758459e-04,-5.217755796190906743e-03,-7.685913985453562448e-03,-7.871420648551586199e-03,-6.485135484559055585e-03,-5.331638265150063886e-03
1.702876941371296582e-01,6.892883187011827895e-02,3.937190757128009033e-02,2.231817736416864470e-02,9.388295037568031645e-03,5.002278754022263413e-05,-5.189330911623742451e-03,-8.053700716293774736e-03,-9.679823007033010185e-03,-9.896452905753125306e-03,-8.633527837124758617e-03
1.697721018738624910e-01,6.888179983755475522e-02,3.903674668692377198e-02,2.148264551407348330e-02,8.796716000373995537e-03,-6.190024835869820433e-05,-4.769990964508341244e-03,-7.522093227009476850e-03,-1.025594149787789969e-02,-1.209263096657535279e-02,-1.320993440869876016e-02
1.655606496242097436e-01,6.541368084561677287e-02,3.682032453741904132e-02,2.036952079406469801e-02,8.545176338053411466e-03,1.489708174954994138e-04,-4.454610969471951842e-03,-6.979499871989286452e-03,-9.261452298110621137e-03,-1.111807173299467731e-02,-1.089198889513649446e-02
1.656596192885914642e-01,6.316786237703291007e-02,3.516866659627649466e-02,2.005825889299996806e-02,8.418402715993001176e-03,-2.222552361571820045e-04,-4.588683611314332139e-03,-6.179202259461841727e-03,-6.822607177195509631e-03,-6.527707300863398211e-03,-6.774868215891212755e-03
1.667068776392473806e-01,6.216048713323482633e-02,3.376089633776727800e-02,1.889954346062417204e-02,7.714195611094112025e-03,-1.001918798341289206e-03,-4.914485402231969641e-03,-5.525170276904745048e-03,-4.129044967730855636e-03,-2.285396877788008815e-03,-1.972039746463221885e-04
1.632229403295287484e-01,5.866713862783187738e-02,3.054393731122935149e-02,1.632624982878450731e-02,6.160858206875291163e-03,-1.194658042955409546e-03,-4.415939906899324537e-03,-4.591699140446866244e-03,-3.109620535467533600e-03,-5.357167994970232642e-04,2.070634526877222856e-03
1.598529487337193578e-01,5.524332570297799117e-02,2.774566599620170021e-02,1.408443107413781016e-02,4.782223323186759849e-03,-1.304366465567950890e-03,-3.728706643463025952e-03,-4.392408440224837909e-03,-3.615124156367282345e-03,-2.126750705245819811e-03,1.917111985407216588e-04
1.555093359947230525e-01,5.292490267180648134e-02,2.666337723273379604e-02,1.316697661764120765e-02,4.318015881975744742e-03,-9.814249207618890979e-04,-3.667634521120122660e-03,-4.458059308529167819e-03,-4.021665837404843173e-03,-3.343281106927054047e-03,-2.771337611064610823e-03
1.537623083028517024e-01,5.206932194950596865e-02,2.652238432423026024e-02,1.321371293284409609e-02,4.797937788179574940e-03,-6.359974528469316277e-04,-3.352275782203456567e-03,-4.396531377383604798e-03,-4.986296827602714962e-03,-5.736113065606431027e-03,-5.858632428137363138e-03
1.543201893140919989e-01,5.179362651615166541e-02,2.671616968128553982e-02,1.366483088438270876e-02,5.239921573507456617e-03,-1.533657068668929806e-05,-2.553859102963527365e-03,-4.476809295606770829e-03,-6.699426948495847481e-03,-8.884900657443401198e-03,-1.132568273390678615e-02
1.520293754146720966e-01,5.196271798753439308e-02,2.703459339961100660e-02,1.405776898484808850e-02,5.781158635494864848e-03,4.543351852237767930e-04,-2.221808317585169563e-03,-4.927507331751656769e-03,-8.347300666652289133e-03,-1.116428326407762142e-02,-1.422917190395633046e-02
1.507395497443719812e-01,5.288262504159674249e-02,2.787247886497832422e-02,1.449620565034899847e-02,6.227622684056089049e-03,8.514847296465931532e-04,-2.502074128384607164e-03,-5.417775598020055025e-03,-8.989001434153919348e-03,-1.171568822172653485e-02,-1.443870469823882279e-02
1.510801042758342927e-01,5.223782196859596411e-02,2.790874811922906470e-02,1.508841206504513664e-02,6.786888496599938723e-03,8.992846668755594174e-04,-2.688180503293410070e-03,-5.415033036545236975e-03,-9.335049145695419048e-03,-1.280082750602604298e-02,-1.660518123243307984e-02
1.520772926663251368e-01,5.234376562479662459e-02,2.816363905789345465e-02,1.594850570783512209e-02,7.138411898613210640e-03,9.459365939647437944e-04,-2.442535902569147477e-03,-5.541885783205747519e-03,-9.769617057055618448e-03,-1.370837023313317173e-02,-1.696362401259992811e-02
1.496266843038734085e-01,5.276509102344046492e-02,2.843215916138332536e-02,1.672465395475041666e-02,7.700765649466013128e-03,1.236209453920746743e-03,-2.428318287652054576e-03,-5.696374607465799593e-03,-1.016244409933099273e-02,-1.419574319407037113e-02,-1.833688469767475251e-02
1.519353290570596704e-01,5.435782691633872510e-02,3.014316959023463985e-02,1.729391192186275489e-02,8.307431384353561668e-03,1.431389868063021563e-03,-2.640281587230154225e-03,-5.978072213936245528e-03,-9.979058987677175141e-03,-1.354320415609211459e-02,-1.608092705461928312e-02
1.525271975986213779e-01,5.586963850887078503e-02,3.130513031618124137e-02,1.834390193291682986e-02,8.919041915362900877e-03,1.916023913669707588e-03,-2.442063318788008537e-03,-5.911492428231992363e-03,-9.556445648830472206e-03,-1.246134171602138359e-02,-1.567184383863038516e-02
1.539457771953467446e-01,5.833607608275166029e-02,3.353393600266080937e-02,1.974156988718633182e-02,9.922779360101312979e-03,2.256063689966600772e-03,-2.489762971479553451e-03,-5.718517843369751857e-03,-9.424674082181203755e-03,-1.232368330109521841e-02,-1.391936282637387667e-02
1.574754195254801092e-01,6.074496956478783738e-02,3.537994824015348871e-02,2.091105877784696712e-02,1.045032312869898644e-02,2.474211305666226737e-03,-2.749396473811884997e-03,-6.138776915899388752e-03,-9.832987693077954033e-03,-1.235091831283324955e-02,-1.466911914040597460e-02
1.609073106188415592e-01,6.376208438404330769e-02,3.682540781215640213e-02,2.152410005025548814e-02,1.043549865366927287e-02,2.297587248315037609e-03,-2.733082865134836559e-03,-6.509759871792216053e-03,-1.026110691750580124e-02,-1.289847356463314984e-02,-1.574703358363472097e-02
1.614225892602449142e-01,6.528966542342090618e-02,3.787836540618808034e-02,2.159290795195712917e-02,9.917411495017453352e-03,1.731969232609543476e-03,-3.077982458792925900e-03,-6.720356400507106892e-03,-1.108792379972765862e-02,-1.487489597574242345e-02,-1.935223215068991934e-02
1.646363253719325959e-01,6.637624043586504152e-02,3.853055642084048105e-02,2.206454696891414075e-02,1.009427896030389536e-02,1.551975454956528106e-03,-3.652181282052632989e-03,-7.567015499849934733e-03,-1.206294588231636433e-02,-1.644546941729486261e-02,-2.146930530651603233e-02
1.677360104120177997e-01,6.762613381524479328e-02,3.966722110806422674e-02,2.332570010030252800e-02,1.126030241513928387e-02,1.858597515896353441e-03,-4.232835934810994134e-03,-8.654021039255893263e-03,-1.318684125579969342e-02,-1.616448392851138616e-02,-1.870633229213690754e-02
1.701140732475532602e-01,6.917690502733912783e-02,4.111756094859695537e-02,2.512528102370382294e-02,1.281883278769907486e-02,2.909373840076444860e-03,-4.366509850076350646e-03,-9.239279467634250315e-03,-1.390555011213898823e-02,-1.703718173668004876e-02,-1.957020682413949594e-02
1.733283849009192579e-01,7.084276706809508606e-02,4.251417159366017301e-02,2.633772086563393455e-02,1.392847298331027599e-02,4.384256517553228143e-03,-3.387346020847046158e-03,-9.546299193528950955e-03,-1.541376537393189528e-02,-1.914087740640943794e-02,-2.329558518594968680e-02
1.753302898234667395e-01,7.331529842057354918e-02,4.376961014425194418e-02,2.666011197020732096e-02,1.423407631409366776e-02,4.676171230671747996e-03,-3.250265817909404713e-03,-9.960404476791374570e-03,-1.633879965700716849e-02,-2.044167739815260648e-02,-2.314850417845114999e-02
1.801907159667603398e-01,7.712286971277314274e-02,4.508798678922642383e-02,2.717569650496679673e-02,1.467855233182159200e-02,4.493419521061719178e-03,-3.544091632536802965e-03,-1.038903896592002947e-02,-1.686973099896751233e-02,-2.140214015796341671e-02,-2.688811703205607959e-02
1.820184683557032335e-01,7.758556553495428443e-02,4.520102287047991080e-02,2.709132826803393665e-02,1.432795474928169610e-02,4.658811675609959152e-03,-2.818841578889140498e-03,-9.401349994788690476e-03,-1.662533798033350232e-02,-2.184277992382320857e-02,-2.737591370555500503e-02
1.821254050856351003e-01,7.670677744250971319e-02,4.432150119195490956e-02,2.657434663905604982e-02,1.399405015784051243e-02,4.909815714868028154e-03,-2.329943254157741846e-03,-8.666020780663037659e-03,-1.584854659463691071e-02,-2.117244954299785792e-02,-2.694921693640738719e-02
1.804575359619731145e-01,7.404234533678580310e-02,4.121045839448479048e-02,2.420783602483164709e-02,1.273381649748330652e-02,4.946170957795508437e-03,-1.923372256146345686e-03,-8.271452811004222430e-03,-1.545276549801324548e-02,-2.006494902905586394e-02,-2.399148696827136523e-02
1.799822069099268895e-01,7.224745929618082985e-02,3.960660030175348900e-02,2.292487376179950728e-02,1.183083927843667227e-02,4.826135726344069586e-03,-1.625276891667910882e-03,-7.880963644728520082e-03,-1.597137036176013783e-02,-2.189604847214704150e-02,-2.748164807706440435e-02
1.764379140878324370e-01,7.091569757942270402e-02,3.939060550386153797e-02,2.257576802252563367e-02,1.165298021034270187e-02,3.716094007098816408e-03,-2.461280010143620470e-03,-7.935815637443749404e-03,-1.485341639528706646e-02,-2.154232384406836592e-02,-2.781562903823964900e-02
1.745966097506336245e-01,6.870565618749222003e-02,3.830800911968171990e-02,2.191259866665916031e-02,1.030187848826938715e-02,2.312856213762975923e-03,-3.140844030950489408e-03,-7.713771877069823361e-03,-1.361075247699201907e-02,-1.947614990536760543e-02,-2.749677784396930419e-02
1.728528425505837518e-01,6.635650920276076059e-02,3.739102996317795330e-02,2.200635116254738566e-02,1.043906299494903531e-02,1.859837528865498088e-03,-3.811547749519912046e-03,-8.346927058232648383e-03,-1.303292721500518871e-02,-1.698979598586644948e-02,-2.199750663696339870e-02
1.696684760451506735e-01,6.495030881544311407e-02,3.698693783912109651e-02,2.216000067750438507e-02,1.065905808310130785e-02,1.995816726118082411e-03,-3.915529562010342836e-03,-8.456219700765994773e-03,-1.274475082193729340e-02,-1.480089201822112378e-02,-1.712680056715819993e-02
1.684048302769581007e-01,6.238523147999798513e-02,3.506418154693220768e-02,2.068763176227775627e-02,9.923486082751037385e-03,1.659879913859235202e-03,-3.907860512522998847e-03,-7.929992902661497922e-03,-1.110502480607922227e-02,-1.269076942704289689e-02,-1.151396591042328464e-02
1.655638268480518205e-01,5.967389379328372212e-02,3.281908192200090613e-02,1.869284642639861688e-02,8.724659786893866967e-03,1.313758831300136090e-03,-3.763801901730128279e-03,-6.826834670258245981e-03,-8.988708647024820642e-03,-1.021600532227657891e-02,-9.230422924180662833e-03
1.594773713982853280e-01,5.680312296325083776e-02,3.056640837503243890e-02,1.685502645073424718e-02,7.642750271012022957e-03,1.165137692737443047e-03,-3.123075004316955977e-03,-5.653656147960524000e-03,-7.710645196655574983e-03,-1.018099202707641732e-02,-1.286880886378067787e-02
1.560420220390601465e-01,5.486603170156020837e-02,2.905603385707055189e-02,1.607011525912401331e-02,7.019108180300687172e-03,9.911333772591160354e-04,-2.717532876107666383e-03,-4.863204509670640205e-03,-7.661088219425819454e-03,-1.085671049832085712e-02,-1.331772509314767781e-02
1.555772529407791482e-01,5.419463824798995133e-02,2.796198426550592850e-02,1.524540946303108019e-02,6.714857022784405730e-03,4.698487495641955752e-04,-2.591785534607513736e-03,-4.953592679662798849e-03,-7.672480580157799157e-03,-1.068805672234670635e-02,-1.240226450089627029e-02
1.536030113409271036e-01,5.240455507460634738e-02,2.592170000717370151e-02,1.380122305029582268e-02,6.175980339011902936e-03,4.264518671002732564e-04,-2.639701839399684249e-03,-4.930771362168499643e-03,-7.320082597158594599e-03,-9.513229521686676279e-03,-1.101114023007151999e-02
1.526290381817835551e-01,5.159072473973505546e-02,2.562830342372122983e-02,1.361851126200457063e-02,5.970797649701620538e-03,7.391626624674605761e-04,-2.552804414973557784e-03,-5.052062027372520442e-03,-6.925331683853421655e-03,-8.530534068247701968e-03,-9.268066931897439575e-03
1.500001015651336866e-01,5.183455790779224748e-02,2.725002531958947358e-02,1.407637364738918706e-02,6.019660079474077954e-03,9.980831744816987070e-04,-2.198901815332319088e-03,-4.967520936902328731e-03,-7.137246173109127595e-03,-8.005328415007463214e-03,-7.901286142546634639e-03
1.521315322532083847e-01,5.290501234725696056e-02,2.781832575861575146e-02,1.462518780244104200e-02,6.070644160193114890e-03,8.004344677704387442e-04,-2.854895591283970226e-03,-5.110145765560509916e-03,-6.958316390050433772e-03,-7.558815772926341832e-03,-7.623701577158919704e-03
1.533596165543087697e-01,5.308203683838395859e-02,2.696738632742995065e-02,1.440367966647910190e-02,5.919189899615637240e-03,7.507141976651995115e-04,-2.729864551425608115e-03,-5.251791932315892468e-03,-7.157551845314851814e-03,-8.289562718410151132e-03,-9.631963484959789670e-03
1.541275829608500514e-01,5.265052498861719221e-02,2.691063443034577563e-02,1.466580251990732241e-02,6.323343294797190497e-03,1.340275241071020498e-03,-2.140297474385188022e-03,-5.125065912669693989e-03,-8.183064640821113497e-03,-1.013549961027501375e-02,-1.319690381626228808e-02
1.544437725679644879e-01,5.333115091292153775e-02,2.759517481478963516e-02,1.568651667961907387e-02,7.421314313192070404e-03,2.135136827256050272e-03,-1.837877229588582651e-03,-5.555821910824521558e-03,-8.577773166255088164e-03,-1.051961751822121788e-02,-1.349994701701824097e-02
1.528436936254535528e-01,5.462384922522844910e-02,2.911869242230093538e-02,1.689110320401645063e-02,8.550887223905881754e-03,2.639471583493075910e-03,-2.081089011006081405e-03,-5.785729933011532489e-03,-9.252504546543248096e-03,-1.126316792481095626e-02,-1.304479020012946563e-02
1.565185159640263002e-01,5.668312637086411754e-02,3.090999484110177123e-02,1.771631564139434373e-02,8.934028519574865879e-03,2.735068719390181327e-03,-2.340997687437938648e-03,-5.828690296315735923e-03,-9.331315695844321148e-03,-1.126494941293819385e-02,-1.399128743665661520e-02
1.560460769452589602e-01,5.717997353416724715e-02,3.056637166938946243e-02,1.727518368598493156e-02,8.477542994793479600e-03,2.131440884041235252e-03,-2.667941896651896457e-03,-5.670691361769843522e-03,-8.389408002890293148e-03,-1.032768319632132274e-02,-1.229150279357759182e-02
1.543883781305607772e-01,5.606664016773590942e-02,2.967724295476451349e-02,1.612065747895789075e-02,7.700519073123606416e-03,1.514570701379194546e-03,-2.840994129401436079e-03,-5.371195682238294987e-03,-7.040849150561499098e-03,-8.196625576291385190e-03,-1.196496535164880311e-02
1.510607832288688168e-01,5.541693267067888951e-02,2.928000080042476513e-02,1.614376566379434330e-02,7.340967008406122478e-03,9.367460709699041268e-04,-2.566507984838706669e-03,-4.343145575145083981e-03,-6.192205218662824931e-03,-7.105743330338820836e-03,-8.601467705088234120e-03
1.511613565912332258e-01,5.481483559536133587e-02,2.856471123601314957e-02,1.491604788939120997e-02,5.959703706005939697e-03,2.538775944783924657e-04,-2.213105629412633925e-03,-3.486218103135038833e-03,-5.083114769230569555e-03,-6.822572570935335305e-03,-9.808155261730627447e-03
1.527414917319510623e-01,5.449276199442035923e-02,2.801078671055626593e-02,1.412968836165927507e-02,5.009718611053317998e-03,6.870689879949978146e-05,-2.053142753065197428e-03,-3.172247172369829348e-03,-5.096079780267307249e-03,-6.803703991830639675e-03,-9.898297967281541668e-03
1.524219541292124724e-01,5.261830006717101160e-02,2.629965583656230371e-02,1.307522775054831624e-02,4.844824506546689322e-03,5.297175968270406666e-04,-1.781026340346908432e-03,-3.515867720187494487e-03,-5.488405842885522683e-03,-6.893799947946903199e-03,-8.190887215655532488e-03
1.514828986353878582e-01,5.101041065614340952e-02,2.540723123340292433e-02,1.308849809160485440e-02,5.516429782650583875e-03,1.279664061295136520e-03,-1.860102931814722801e-03,-4.024263028695116741e-03,-6.321231687318237119e-03,-7.364586076822807886e-03,-8.051661348153453870e-03
1.524559112988292664e-01,5.139062765256160320e-02,2.525584009980290714e-02,1.315998739198851603e-02,5.976718231133904338e-03,1.641907473174455739e-03,-1.686660992110076800e-03,-4.313534977922304711e-03,-7.141386510851853442e-03,-9.398207961916411543e-03,-1.223797522030628179e-02
1.527439803021725107e-01,5.175398158827135275e-02,2.521186034245291932e-02,1.268634829232389953e-02,5.987014658033419992e-03,1.849842421682062945e-03,-1.469311752264436128e-03,-4.095222442333451042e-03,-7.027703638161198092e-03,-1.071624766442732038e-02,-1.660283814262402541e-02
1.513529868504116527e-01,5.047552400524881605e-02,2.427081063977536840e-02,1.204092985830320164e-02,5.830539612117349897e-03,1.866912138064970566e-03,-1.090293686285671946e-03,-4.040414835099158213e-03,-7.695611400902043972e-03,-1.114209026200688527e-02,-1.574379472914130829e-02
1.494011204855705266e-01,4.838701996947192274e-02,2.349438059871470849e-02,1.232879363320760029e-02,5.966094832802099762e-03,1.980539150217356260e-03,-9.613260544825910506e-04,-4.373095344131296830e-03,-8.135263775365532413e-03,-1.119846830697755237e-02,-1.441627683073857039e-02
1.494397128993948110e-01,4.764642759472068750e-02,2.280568838273944882e-02,1.205411202384911243e-02,5.513451306807090960e-03,1.637510385184371819e-03,-1.527149257529852042e-03,-4.331461824149720682e-03,-7.702488713373838690e-03,-9.515503417362859359e-03,-1.211779912314869638e-02
1.484311839695782176e-01,4.778623124118888676e-02,2.218614940040960354e-02,1.170428047236530406e-02,5.054421132358191161e-03,1.225710896676673097e-03,-1.826320132276503536e-03,-4.405739770365474199e-03,-6.800240725409696652e-03,-7.869942194548368297e-03,-7.650443277110773391e-03
1.483747961796632042e-01,4.785498499297471259e-02,2.370821144889437640e-02,1.285230597554309906e-02,5.765823565880970336e-03,9.798459129705583328e-04,-2.506685393340667145e-03,-5.012216669891292505e-03,-6.235413787846749191e-03,-5.607617713581716790e-03,-3.642781812029995212e-03
1.459513147451694248e-01,4.891108754098248690e-02,2.635940170063268140e-02,1.493622453882935928e-02,6.532495923389529911e-03,5.756049798850649754e-04,-3.377965438520775382e-03,-5.415981300953105586e-03,-5.977584348692716390e-03,-3.777713320084907615e-03,-1.549679804585138790e-04
1.464175246019280563e-01,5.082921911350943983e-02,2.809728336900069526e-02,1.647376694175163234e-02,6.844272809103089418e-03,1.657834212978757037e-04,-3.797051162029274618e-03,-5.726857380407287396e-03,-6.145783717488318039e-03,-4.707264755607669382e-03,-1.762328391015522550e-03
1.504883946037988696e-01,5.187516548469747746e-02,2.859998973830411850e-02,1.634477261687236616e-02,7.120415976286223469e-03,5.080287292616076939e-04,-3.568225319799140250e-03,-5.910633247937048702e-03,-7.493197485185473447e-03,-7.688528849840252019e-03,-5.926212246613391313e-03
1.526121783013903443e-01,5.384315496256571881e-02,2.880088839814221729e-02,1.607077290358055119e-02,6.913725380954336558e-03,7.187442996511529594e-04,-3.280475951192633050e-03,-6.274819366600160875e-03,-8.894512344387765085e-03,-1.069836077100327562e-02,-1.204362479413221935e-02
1.555166783358071791e-01,5.652868876109055224e-02,3.086165064286331902e-02,1.721803440826287501e-02,7.570954968154150998e-03,7.640986738945468836e-04,-3.541315782418399342e-03,-6.780096843689623586e-03,-1.001197793577754229e-02,-1.211098191856602863e-02,-1.457488070433717205e-02
1.589893743862657305e-01,6.056520688981648082e-02,3.394589979638413385e-02,1.937456086736541461e-02,8.551168300948507051e-03,1.153520345995824332e-03,-3.847901413548578120e-03,-7.021363438886860098e-03,-1.012478373452272394e-02,-1.237336962238446726e-02,-1.365187557413579354e-02
1.639251362738566586e-01,6.487953274622118571e-02,3.717327016987280464e-02,2.083885694888871001e-02,9.152464028623899170e-03,1.156179463305951781e-03,-3.519101790079471638e-03,-6.369766778038145859e-03,-8.359526125532132368e-03,-9.122255591354936494e-03,-9.619906865107679186e-03
1.652798703175773765e-01,6.529907939010536067e-02,3.661311089107484318e-02,1.992407854626196406e-02,7.908426757057444162e-03,5.113882067774573430e-04,-3.509883930601006945e-03,-5.365288612890479862e-03,-5.434638158472212231e-03,-5.044588777957848338e-03,-5.489927838765971090e-03
1.657097897627037020e-01,6.479446841971787940e-02,3.568046842216213155e-02,1.901015297842087448e-02,7.631285177486360483e-03,4.587027313138708571e-04,-3.501280512786388716e-03,-5.442301607849909378e-03,-5.995432019066092647e-03,-6.250506937323883731e-03,-7.687138691141306122e-03
1.664405812787805305e-01,6.545956542763803343e-02,3.550912214023023428e-02,1.975319997977198483e-02,8.762193445918478943e-03,9.541186276600077372e-04,-3.308907295570174493e-03,-6.373791279553032811e-03,-8.920769421234594349e-03,-1.006247740983452765e-02,-1.129310971410192078e-02
1.663688508885725337e-01,6.429223219740523576e-02,3.618335179032328847e-02,2.093047443510722208e-02,9.883169193141441017e-03,1.745718836567485260e-03,-3.100521517032921431e-03,-6.882159015286999637e-03,-1.076407156983519818e-02,-1.349362415252730769e-02,-1.786362696959930066e-02
1.670611056307540754e-01,6.418298281480114276e-02,3.662667484637287252e-02,2.125507367477699402e-02,1.020281326530599747e-02,2.309219951011814379e-03,-2.656057366896305734e-03,-6.353980726714375700e-03,-1.102412303788209355e-02,-1.500239869913125475e-02,-1.891317686142236429e-02
1.673766383065319052e-01,6.408862221562514061e-02,3.649360572606519942e-02,2.091613300328316535e-02,1.008812464243625563e-02,2.369368848027084487e-03,-2.227780154531238885e-03,-5.563512109400496966e-03,-1.048466804590956168e-02,-1.511552481689466473e-02,-1.994512264428680015e-02
1.674868044855925830e-01,6.372033936800394760e-02,3.547135287099772299e-02,2.023433126440503382e-02,9.351030993289969132e-03,1.953487980866608267e-03,-2.429376557231523095e-03,-5.819853281113633071e-03,-1.006067111964853086e-02,-1.405403831127395239e-02,-1.827990156357750529e-02
1.647890405110751799e-01,6.314924927349505057e-02,3.539785098722464385e-02,1.967918634491155200e-02,8.974824975331715735e-03,1.435704642025280699e-03,-3.292641141459879631e-03,-6.842255224374700455e-03,-1.009743544922291764e-02,-1.157496846210856814e-02,-1.410878844878305123e-02
1.621824789580629811e-01,6.181639920503345653e-02,3.469279863324842977e-02,1.937248364833726172e-02,8.753613570594204196e-03,1.049042064598503009e-03,-3.899433743687014640e-03,-6.858219285528896134e-03,-9.252752072919102552e-03,-1.015436307833049272e-02,-8.876618209723787997e-03
1.613368226714656517e-01,6.087245561148812989e-02,3.399418450731824665e-02,1.943562257107715741e-02,8.768235976587709229e-03,8.970551937955146930e-04,-3.443391907181462402e-03,-6.354559483909253889e-03,-9.170958740281110605e-03,-1.190807198806935301e-02,-1.459685491166725323e-02
1.604999399315661657e-01,5.990272110024683072e-02,3.364631572659043668e-02,1.961577127004119139e-02,8.955525632590888296e-03,1.171391895822995136e-03,-3.423153830894495962e-03,-6.327814029741934791e-03,-9.626600839879017810e-03,-1.310486769801692472e-02,-1.596447061956007482e-02
1.592774828258577413e-01,5.948845731000212272e-02,3.397444950564071364e-02,1.993291269932127505e-02,9.257707837251849883e-03,1.451462644160655090e-03,-3.442952475998252090e-03,-6.427074583684269822e-03,-9.663899380198778810e-03,-1.313066454231096546e-02,-1.569105571005948579e-02
1.567366227767010289e-01,5.982331768437813141e-02,3.420618661393740739e-02,2.032932724645078112e-02,9.310648637650572462e-03,1.268752171214174943e-03,-3.276270309064113241e-03,-5.920415026639096363e-03,-8.294027045820490454e-03,-9.957451300861876187e-03,-1.187003616853758541e-02
1.554545071021589953e-01,5.963913111731057592e-02,3.365574883125933142e-02,1.967783842450959025e-02,9.414777042841465660e-03,1.510333029979721818e-03,-3.011015829899886791e-03,-5.692997370749184813e-03,-7.399698389719192373e-03,-8.551136153632742792e-03,-1.064325808762994763e-02
1.593801366283248422e-01,5.977509397044500350e-02,3.298598077363241315e-02,1.865223235412133418e-02,8.590471038271683263e-03,1.236025266272878067e-03,-3.073810533573247822e-03,-5.652018040197893597e-03,-7.597555368294921230e-03,-8.680328432534715685e-03,-9.248481035077174908e-03
1.593002817074842536e-01,5.958544467226010999e-02,3.222806883563619773e-02,1.778967317246501340e-02,8.079289176598117989e-03,8.387279315329609517e-04,-3.428109241323575203e-03,-5.683819254105826335e-03,-7.433061443217280073e-03,-6.907535885907047611e-03,-5.022575455349433983e-03
1.597117754649511889e-01,5.984444828786244369e-02,3.214976717272195750e-02,1.711618292980010211e-02,7.165769878329903385e-03,4.097152712727043897e-04,-3.644395069887747859e-03,-5.856231713670128139e-03,-7.202985661428938820e-03,-7.202430218090663701e-03,-6.519353568938813896e-03
1.611844729677899268e-01,6.070473725968721784e-02,3.251803030364466135e-02,1.622865147229762134e-02,6.469569087535395266e-03,5.579797422549844779e-04,-2.975242130912018976e-03,-5.709590894242446216e-03,-8.393688509808178155e-03,-1.044310684806452200e-02,-1.378828876279503124e-02
1.636212022506762509e-01,6.047261356193383425e-02,3.234934327773004298e-02,1.717606602457493609e-02,7.266152862183911619e-03,1.258055747517560982e-03,-2.822861411352770283e-03,-5.873654922010512931e-03,-8.963707023648041436e-03,-1.270175023917123266e-02,-1.844605466637607924e-02
1.613883022442213488e-01,6.036271213206720332e-02,3.265809169403435103e-02,1.864355652704457675e-02,8.678159188966333426e-03,1.691391413482910009e-03,-2.730741943610583838e-03,-6.205766863277537709e-03,-9.457037191146835942e-03,-1.264455013480486265e-02,-1.599076534430868626e-02
1.616853150008902285e-01,6.004876847938336870e-02,3.340872920845654875e-02,1.956182142179247255e-02,9.463014476547442627e-03,1.950569555398501582e-03,-2.726657062300467688e-03,-6.663421114164912867e-03,-1.065624888383012725e-02,-1.351567629050587187e-02,-1.538649305593232409e-02
1.640409610671682561e-01,6.055972452774738279e-02,3.364154693496928389e-02,1.968092995076048402e-02,9.486620717297762281e-03,2.148478531306161499e-03,-2.923539119920167718e-03,-7.068490934560160352e-03,-1.150485301457531730e-02,-1.454528534431048618e-02,-1.739693861843338504e-02
1.656718418919170821e-01,6.262344497802110888e-02,3.425846943628275965e-02,2.006245951603859157e-02,1.009845354544488399e-02,2.500330234596359960e-03,-3.373559017040697345e-03,-7.420368561963665809e-03,-1.149297743949121223e-02,-1.430375773463529732e-02,-1.569603832318437059e-02
1.685912170729620685e-01,6.527923781413319526e-02,3.639223530280565749e-02,2.101284404960854224e-02,1.051196459721488209e-02,2.536710104606223169e-03,-3.596262815878260161e-03,-8.065574783806296610e-03,-1.189802257742754790e-02,-1.354324462008757966e-02,-1.658630321857279544e-02
1.732816912793746500e-01,6.825901958421430604e-02,3.886704704312021058e-02,2.263757082595175760e-02,1.056998263487731599e-02,1.916213578362472225e-03,-3.824952825342263236e-03,-7.886247959921568323e-03,-1.137216811301234275e-02,-1.303699505246162793e-02,-1.322449125482015424e-02
1.716377999828954670e-01,6.871706167240705654e-02,3.957184852059576763e-02,2.286105172391933449e-02,9.898086243957347763e-03,1.106250294184579503e-03,-3.967811813106558554e-03,-7.159534052079166017e-03,-9.384175215545830992e-03,-9.478245280964458022e-03,-9.855638302826347230e-03
1.675185386220170158e-01,6.566327074301014921e-02,3.672279970097495905e-02,2.072238888840660306e-02,9.695703458228467284e-03,1.296680821794657205e-03,-3.799655321152468207e-03,-6.539227346186474339e-03,-8.025254686480392391e-03,-7.619361259045031795e-03,-6.981998098150514302e-03
1.635280162744534027e-01,6.018000826338286424e-02,3.224650789165752623e-02,1.768054310191297801e-02,8.335633597746108098e-03,1.917446356035552336e-03,-2.667835057441288616e-03,-5.640436919221497071e-03,-7.553890005668381299e-03,-7.059518473053395804e-03,-5.611491381247445641e-03
1.604820608754343181e-01,5.653323036404894059e-02,2.973937704544022190e-02,1.590121816989419415e-02,7.108874001559919130e-03,1.804407594191444805e-03,-2.174857567229060689e-03,-5.438705306245888299e-03,-7.941005491067340549e-03,-8.498045507657869813e-03,-7.092019399172782256e-03
1.602589437537322026e-01,5.511469623618408392e-02,2.826087473223662036e-02,1.520582977870130019e-02,6.820605188523367474e-03,1.222399286793765050e-03,-2.358799755276968970e-03,-5.839040056856284640e-03,-9.122968699176023030e-03,-1.090323736742942334e-02,-1.074410851210327693e-02
1.596004353356766658e-01,5.549602958921715651e-02,2.906836865629049485e-02,1.595563005757925923e-02,6.853598760098325235e-03,6.627249219055098917e-04,-2.905708984375566638e-03,-5.777968427694409916e-03,-8.768594586985346828e-03,-1.117426228173794799e-02,-1.252949357355729633e-02
1.598673486839663760e-01,5.611074677541441624e-02,2.969260558738774994e-02,1.547132531070869593e-02,5.643646344368203650e-03,-2.850439910528917314e-04,-3.030203299353675939e-03,-5.134695998251099722e-03,-7.208431040028826127e-03,-1.018128490509797625e-02,-1.354030380700071458e-02
1.575853791404131787e-01,5.626184212624109338e-02,2.895775237697979440e-02,1.437383194364727501e-02,4.790675861430376999e-03,-5.296227345166952885e-04,-2.973058885259215536e-03,-4.613792245636671834e-03,-6.961282882026205605e-03,-1.019046263178362451e-02,-1.474441753733326914e-02
1.581113675411537633e-01,5.740989055719605827e-02,2.975816707781708814e-02,1.522369659450546579e-02,5.677597841395100667e-03,5.825688908912895830e-05,-2.948121279970301011e-03,-4.976912422301780353e-03,-8.119557618918934669e-03,-1.203885678683381741e-02,-1.657087610623702786e-02
1.575513134018323158e-01,5.612543309232430333e-02,3.002773656862688448e-02,1.626261355618970755e-02,6.744375256218567566e-03,6.278927343053276010e-04,-2.963091774476774541e-03,-5.260544402923924938e-03,-8.833965651993139212e-03,-1.288190196015072397e-02,-1.774140953437138013e-02
1.572450620909596752e-01,5.608891385058126233e-02,3.005804457202538443e-02,1.717595805795903499e-02,7.820312583737483100e-03,1.231243862761780775e-03,-2.580028228411265865e-03,-5.142251142559614747e-03,-9.336336866867545395e-03,-1.370647389125653065e-02,-1.635862868542770077e-02
1.543601630351141285e-01,5.557980882519816812e-02,3.059449406553015408e-02,1.786554416089262964e-02,8.925778108111145567e-03,2.174300024244438159e-03,-1.767673922398421736e-03,-4.888172515746243112e-03,-9.647311335768345847e-03,-1.433483051730826893e-02,-1.945173251877251736e-02
1.543313939372032706e-01,5.735106465933426101e-02,3.230317974742351328e-02,1.904151632383141793e-02,9.496506048351742793e-03,2.939070950805093736e-03,-1.411909646443418147e-03,-4.875666151720658460e-03,-9.683678398800634260e-03,-1.472827355372894990e-02,-1.973856519106125668e-02
1.559799774982174592e-01,5.918708047375997872e-02,3.410025666157082136e-02,2.045011502395131797e-02,1.043434423133136890e-02,3.026858556097995236e-03,-1.939522867644828110e-03,-6.087890234953128449e-03,-1.058030133028674616e-02,-1.535031060306417221e-02,-2.166659578107780690e-02
1.567917747090430969e-01,6.026029034804102069e-02,3.561383402887199900e-02,2.183392441093142539e-02,1.142576447609103089e-02,3.019111394871639396e-03,-3.140753075062315772e-03,-8.219866492374775652e-03,-1.276412270708209007e-02,-1.677596120306390839e-02,-1.994405563807418597e-02
1.602477862152835442e-01,6.423895227762617399e-02,3.812650598253228967e-02,2.314755178349674550e-02,1.262436409264506426e-02,3.752310682823974900e-03,-3.662780055775069054e-03,-9.719785906897038252e-03,-1.543798257754277169e-02,-1.905469369932635479e-02,-2.045973572066843785e-02
1.678657880419200665e-01,6.794779446249855914e-02,3.964483886783275179e-02,2.418404718293410208e-02,1.317992536413344247e-02,4.262658919132277999e-03,-3.495842923539359010e-03,-9.627256700696321112e-03,-1.572652186306841907e-02,-1.939675984861667299e-02,-2.155357480674670659e-02
1.711309205910728770e-01,6.835667633205542992e-02,4.026782705958231040e-02,2.488383104689222483e-02,1.325990521225288259e-02,4.162736121220859953e-03,-3.095837899381825246e-03,-8.946277408591624819e-03,-1.474134007827044082e-02,-1.829614329347220222e-02,-1.958057297338266015e-02
1.701601053426666788e-01,6.787809596974631043e-02,3.999011307983810215e-02,2.454370350744411455e-02,1.246048912737690063e-02,3.666599283631659812e-03,-2.921138229706702651e-03,-8.418325389925233534e-03,-1.422956205501311154e-02,-1.715781687615526574e-02,-1.917185924967203595e-02
1.690197791216907774e-01,6.624919775460638705e-02,3.797665532199135524e-02,2.271055189001437713e-02,1.167391681515060793e-02,2.926781556868819981e-03,-3.306855668444650797e-03,-8.236919111116952977e-03,-1.323318564714525553e-02,-1.605501670950182716e-02,-1.763455841410003361e-02
1.677913789004157052e-01,6.580374490048546132e-02,3.717610696750704713e-02,2.224891899838002049e-02,1.107008221655114352e-02,2.359815925309125244e-03,-4.145510729373024471e-03,-8.476217145395616853e-03,-1.170541863046146991e-02,-1.378660520620985513e-02,-1.628622302527250876e-02
1.670008377198061167e-01,6.500407698460240746e-02,3.707344263095507797e-02,2.175730611588938546e-02,1.037607918979327817e-02,1.778463172289763711e-03,-4.642635416723672054e-03,-8.680303815074638316e-03,-1.099921961411555633e-02,-1.050230235551916601e-02,-8.122772852502940094e-03
1.659364934095653721e-01,6.488677623196752176e-02,3.629323337317508225e-02,2.032899499293441131e-02,9.062166244256639192e-03,6.692802134788798261e-04,-4.743609522223893663e-03,-8.070860866742876269e-03,-9.725607399597182429e-03,-9.482815365596971441e-03,-7.431744424931219228e-03
1.640578359929311947e-01,6.326654188657976352e-02,3.427239550707893850e-02,1.848680052835224852e-02,7.536041279112685488e-03,-9.951221654385873671e-05,-4.407757138128494748e-03,-6.719437541962873864e-03,-8.331833625494299012e-03,-8.976495764529204835e-03,-1.015683313077961857e-02
1.613410659394692581e-01,6.256230387811551052e-02,3.313965051103665710e-02,1.700358006165708993e-02,6.755468256656313106e-03,-2.528808253585665715e-04,-4.078572177316522503e-03,-6.005477212650531249e-03,-7.195441897963401022e-03,-7.847856506808519039e-03,-8.347279165656848465e-03
1.602367337773812073e-01,5.924310739217210353e-02,3.091933938971613491e-02,1.585986397130419862e-02,5.736125816807769763e-03,-9.067879984416387100e-05,-3.405615264161820747e-03,-5.171556731267810958e-03,-6.625906802032756164e-03,-7.263493810079127248e-03,-5.852995934604575748e-03
1.561274456278148592e-01,5.589432280950607651e-02,2.875231341709826027e-02,1.476289868999147888e-02,4.964653152776958046e-03,-4.672122985632145686e-04,-2.999346723949004433e-03,-4.316650591309722541e-03,-5.531699880066248340e-03,-6.928760535413477396e-03,-8.827646260073745282e-03
1.555987678017878850e-01,5.494033498897099577e-02,2.793648770927057573e-02,1.388160068416469106e-02,4.144539079706304960e-03,-1.099735424448726939e-03,-2.937701015873962328e-03,-3.757907474430235550e-03,-4.309020435321850827e-03,-5.848881196134653009e-03,-7.770255943860138702e-03
1.520658353371428795e-01,5.291605699310043820e-02,2.613453903641203141e-02,1.167538276195913965e-02,2.852978780946461516e-03,-1.629326547566306701e-03,-2.990073837580316946e-03,-3.254530449254060872e-03,-2.999274330309335563e-03,-2.342900642810035426e-03,-2.414994090221959412e-03
1.486917492208489622e-01,5.221707332393950990e-02,2.604131752192842889e-02,1.135661872012137460e-02,2.068193773682909260e-03,-2.266486643412000609e-03,-3.355483363350705676e-03,-3.355879097535132728e-03,-2.837887528750540189e-03,-1.692226617401206782e-03,8.183984023227566188e-04
1.477464567996601419e-01,5.225606883998475810e-02,2.659154531605106148e-02,1.166148398673523545e-02,2.410684418820537456e-03,-2.111846840416469612e-03,-3.134546776864649640e-03,-3.311112814286716784e-03,-3.787567169108306715e-03,-3.843140302293109479e-03,-4.725974106364438064e-03
1.486100386113699268e-01,5.192426241329121256e-02,2.621963190787845663e-02,1.225015766862100688e-02,3.648504360453918779e-03,-6.500372348216335028e-04,-2.369926604257566790e-03,-3.749410756625811379e-03,-6.003831163031616257e-03,-7.815236893879881283e-03,-9.314875782449438812e-03
1.492334683220084002e-01,5.121478941862969009e-02,2.599780240028651962e-02,1.356678207067057822e-02,5.813679836130848134e-03,1.045291730544272053e-03,-1.811827645182369998e-03,-4.847009596660764412e-03,-8.908606227169294997e-03,-1.098191878610738255e-02,-1.127878018225426590e-02
1.496045581189417439e-01,5.189040139738468338e-02,2.722156505653454406e-02,1.530838900777795400e-02,7.553363065559415973e-03,1.938017775652881979e-03,-1.942308961979312843e-03,-5.323508866859815065e-03,-9.781481862096028101e-03,-1.196028947200513358e-02,-1.297121685279165049e-02
1.488670654992103048e-01,5.208858224085847338e-02,2.808964842516270544e-02,1.582656432577415895e-02,7.950887851878252199e-03,2.366055950900054598e-03,-1.317183013034704591e-03,-5.060489730352263522e-03,-8.878483844009609979e-03,-1.097131898849960235e-02,-1.425492551625642465e-02
1.486507349016353008e-01,5.232650498445270970e-02,2.768271172853323595e-02,1.540039893985532121e-02,7.359731632544326378e-03,2.120637045969584345e-03,-1.283749264705445108e-03,-4.074910108014489010e-03,-6.938084308002081917e-03,-7.884282253941344784e-03,-9.819613122872203337e-03
1.489208065276312887e-01,5.154878856124707476e-02,2.651077112891768797e-02,1.349037213969792037e-02,5.385304541208282662e-03,5.556255312380917319e-04,-1.876606669255417208e-03,-3.336213533569787077e-03,-4.310188288716731465e-03,-3.961491353274899062e-03,-3.781223227428073992e-03
1.488435090673922712e-01,5.007755590943244184e-02,2.504752011953078478e-02,1.194397873997908241e-02,3.171940940512288105e-03,-1.066157910984014004e-03,-2.372178415796934170e-03,-2.913520836356704984e-03,-2.894439470286128569e-03,-1.950926379590978187e-03,-1.055847315167292603e-03
1.488675407584093002e-01,5.053514045753648015e-02,2.507166845390939799e-02,1.113956633967195901e-02,2.455838025885772810e-03,-2.055127720375587649e-03,-3.069549942093993938e-03,-3.117970652220623719e-03,-2.400824201115319897e-03,-1.253177483697906665e-03,1.967459445821773990e-03
1.517143737679884363e-01,5.110957613257383070e-02,2.493925003611182495e-02,1.145589693671656036e-02,2.919768802875774647e-03,-2.054038559149004659e-03,-3.820530715888588794e-03,-3.819505625348521612e-03,-2.388011180390775014e-03,2.142502752165823291e-04,1.927258740496793060e-03
1.521667438921400217e-01,5.172175211980018644e-02,2.586943345977208916e-02,1.235249071266930447e-02,3.771532322101847547e-03,-1.906927237016363234e-03,-4.671767522569684854e-03,-4.476482261104751045e-03,-2.347712835812303112e-03,2.029086575267762340e-04,1.552220874351889924e-03
1.538489696423999409e-01,5.294184284211035652e-02,2.694485043889205053e-02,1.350387287106130131e-02,4.562669553549571731e-03,-1.737888841978803018e-03,-4.970683925276049402e-03,-5.171986351681971683e-03,-2.577197739118229549e-03,-3.833372854177173801e-05,1.388412333099059729e-03
1.567787257192586048e-01,5.363025348762601174e-02,2.733631960321785542e-02,1.417598912782451481e-02,5.101005900066693521e-03,-1.172684358037557511e-03,-4.475693657538230667e-03,-5.549672520175360536e-03,-3.451475911836408318e-03,-1.000707330805946857e-03,1.113335995559018056e-03
1.577366072311116307e-01,5.409512163440767518e-02,2.767210282528549670e-02,1.465364053638335169e-02,5.807547257380055346e-03,-5.080456671187969907e-04,-4.246506856746901440e-03,-5.915667301678647662e-03,-4.866788489319917414e-03,-2.480657240462599746e-03,-5.454658611281110615e-04
1.570324633950268556e-01,5.616726237456880211e-02,2.968734211799202091e-02,1.575728370250072119e-02,6.161243097391122352e-03,-4.402161100847128855e-04,-4.204409524426705284e-03,-6.148780289780653857e-03,-5.730021742536348453e-03,-3.666028135275980083e-03,-1.032838634106482498e-03
1.590082731695511842e-01,5.657254628332022972e-02,3.007942336524465146e-02,1.569357521261129096e-02,5.241897145337239342e-03,-8.737833622221935839e-04,-3.994081067286570433e-03,-5.286753251790874547e-03,-5.839982690406109525e-03,-5.804594610548829102e-03,-5.964136797278113411e-03
1.573321226473779477e-01,5.665448303458944790e-02,2.876536549150231215e-02,1.411675936606950933e-02,4.358352878943034039e-03,-1.627642132056039389e-03,-4.032825576402339351e-03,-4.376089306255620363e-03,-4.459118109567111223e-03,-4.553445311515447701e-03,-4.765111569633418385e-03
1.572830329802640537e-01,5.572427582064412577e-02,2.788159484588166245e-02,1.341922760064441500e-02,3.798877330764955772e-03,-2.057056628835228496e-03,-4.063810362090521794e-03,-3.916903611232378304e-03,-3.236182529035490536e-03,-2.618101185818705757e-03,-1.308395873359799802e-03
