8.456567518389529470e-02,2.216253248821551183e-02,7.007032739368266976e-03,2.719377244281704058e-03,2.362569848578332892e-04,-1.254595772307155787e-03,-1.233477378793387249e-03,-7.410789651637716535e-04,-2.609044497091561523e-04,-1.847802610873225003e-04,-1.156616970031148139e-03
2.239432804518056708e-01,6.925712072567195843e-02,2.221949206177440198e-02,7.966760478897385103e-03,1.057405477836929506e-03,-2.881484028366583950e-03,-4.169390119551530383e-03,-3.816990940830057664e-03,-5.036656236689100643e-04,1.650497582099799470e-03,3.473957280194524006e-03
3.739120537223492025e-01,1.438980722510513344e-01,4.990339261280748312e-02,1.895091055844832714e-02,4.392252629556894598e-03,-1.533679828938397990e-03,-6.462791979487956737e-03,-9.833348375936724894e-03,-9.808524815369366531e-03,-8.147501702020585462e-03,-9.771061633502744342e-03
5.519146252805614550e-01,2.585987452918596108e-01,1.056129404826867541e-01,3.931776063100728136e-02,1.022201792145156773e-02,-2.043213588212891476e-03,-1.029722934629681216e-02,-1.886373778899173501e-02,-2.454225760107902818e-02,-2.653890737025012617e-02,-2.873703765430048879e-02
7.949183846667913222e-01,4.305288298228345245e-01,2.058850761929185702e-01,8.486370953064628631e-02,2.406018144578526974e-02,-6.406932607060602906e-03,-2.235389755716139792e-02,-3.304150397100233394e-02,-4.444464895617179778e-02,-5.477226677868293758e-02,-6.060127288394467904e-02
1.084863380087716989e+00,6.607989170269288337e-01,3.579704623175402611e-01,1.667329510962154704e-01,5.237294974394293701e-02,-9.196860692581751776e-03,-4.105210405325445538e-02,-6.054592015609685379e-02,-8.083159595814047582e-02,-9.881268302184920138e-02,-1.175466491080980891e-01
1.328870632400578566e+00,8.461820774882033991e-01,4.847246953374710898e-01,2.363289773108019631e-01,7.481573612429226472e-02,-1.420262607601070932e-02,-5.919034526581418848e-02,-8.516240793402499176e-02,-1.068532421341462924e-01,-1.133309495906208719e-01,-1.128906476829339284e-01
1.631603900772383264e+00,1.083518937608512589e+00,6.500578246648619496e-01,3.343867688804283422e-01,1.152582646137454425e-01,-1.703301387646555254e-02,-8.883570087915643176e-02,-1.252326229374880195e-01,-1.418341303435624867e-01,-1.214145745818813737e-01,-8.294577504434542947e-02
1.937987376144451934e+00,1.341272372134935331e+00,8.364146935443851349e-01,4.533457272235502655e-01,1.709117279493954367e-01,-1.947089794362072412e-02,-1.273870495819852955e-01,-1.751203696866665549e-01,-1.778859910158081259e-01,-1.309368526378153763e-01,-5.898653995475181683e-02
2.236295810108200666e+00,1.604331620386630242e+00,1.041311381297873151e+00,5.927647031517716547e-01,2.409684780093947765e-01,-9.862783441079341420e-03,-1.604629364736369634e-01,-2.320487911721773044e-01,-2.437676858771989086e-01,-1.972056058886110796e-01,-1.191260961521023315e-01
2.588483175631177247e+00,1.910990428506521788e+00,1.278258885257011146e+00,7.442645645715399993e-01,3.037588847338222320e-01,-1.449696117474856202e-02,-1.979671746120576226e-01,-2.867827875122691550e-01,-3.002905204696394437e-01,-2.423241666614480150e-01,-1.474059474481458909e-01
2.965062193658571044e+00,2.245422595452530423e+00,1.532556017736863785e+00,9.052969439483694591e-01,3.795205482626418103e-01,-9.802703361822122027e-03,-2.375825093363047313e-01,-3.516537809851925100e-01,-3.731304650954441748e-01,-3.034637270558648292e-01,-1.855929919003704853e-01
3.391955108379505646e+00,2.612696609303189366e+00,1.796649071885215276e+00,1.075211970168631792e+00,4.721663075096496076e-01,1.404515022393605650e-02,-2.645886812704760227e-01,-4.228221144922803543e-01,-4.904002423649562736e-01,-4.469473852062396113e-01,-3.515722351925964495e-01
3.760540461032510606e+00,2.916078339804044628e+00,2.020951754893873797e+00,1.228955972699103949e+00,5.695079683174079088e-01,5.750855377293947329e-02,-2.702742064713319903e-01,-4.849788382426775679e-01,-6.395636092528107497e-01,-6.851508066224569760e-01,-6.852944310032068609e-01
4.041560694190720504e+00,3.144614326116832892e+00,2.182105695275943891e+00,1.325970893614923929e+00,6.109538672672082393e-01,6.286225959730419588e-02,-2.856691804967211312e-01,-5.096804889473717237e-01,-6.935678630963211244e-01,-8.058088976822462834e-01,-9.105412431287744912e-01
4.299932074080524025e+00,3.373684236372826106e+00,2.363902316891040911e+00,1.460736129909668390e+00,6.982896309537617308e-01,9.963528031676886776e-02,-2.977986871575135086e-01,-5.665936427357924909e-01,-8.086840934479587739e-01,-9.843791121378306919e-01,-1.180734878911033903e+00
4.494166783528152465e+00,3.552986634486410722e+00,2.517563835186721999e+00,1.589786499608012216e+00,7.939745814009148139e-01,1.511260155318573106e-01,-3.029663448367277967e-01,-6.372606285815379801e-01,-9.423606088220539689e-01,-1.147790514014995544e+00,-1.333735809083321566e+00
4.838159945145462437e+00,3.880595680088089861e+00,2.820435314559049278e+00,1.845406910622270580e+00,9.718555504558905600e-01,2.247271630019512523e-01,-3.336386560032023607e-01,-7.614209569597281124e-01,-1.158017712134552735e+00,-1.389376142018056148e+00,-1.564138924208605674e+00
5.457972392398922956e+00,4.462722847641924062e+00,3.329929041347230445e+00,2.252359066617744876e+00,1.245947694997435518e+00,3.434754626079165041e-01,-3.743570900126906298e-01,-9.481583798836313859e-01,-1.508815263518294758e+00,-1.853684022800389908e+00,-2.129276387354646527e+00
6.339194380302872744e+00,5.267066280177326476e+00,4.006902792132828850e+00,2.778518786289565057e+00,1.604026398394399200e+00,5.151783805194761756e-01,-4.038238609411369806e-01,-1.188655348578699034e+00,-2.003384204817646008e+00,-2.582281833056668141e+00,-3.122669133872261860e+00
7.438738333395790825e+00,6.300685305923384050e+00,4.898123006129631918e+00,3.484551429426159697e+00,2.091888319009207464e+00,7.565344745199883425e-01,-4.432654250225113723e-01,-1.519444658143908056e+00,-2.683583091823284139e+00,-3.534843119102307973e+00,-4.348138912251440225e+00
8.239575460851209954e+00,7.054618292764151199e+00,5.550933713167380823e+00,4.002547967531628892e+00,2.437753312811752782e+00,9.059912418270348322e-01,-4.876855816903604701e-01,-1.745929325583067904e+00,-3.140158784702816952e+00,-4.174758939958304715e+00,-5.151142707578849844e+00
8.844443192242948726e+00,7.599591852538621239e+00,5.996368893293394287e+00,4.329302248675221954e+00,2.640136582386820585e+00,9.839017660156655909e-01,-5.194905981140551798e-01,-1.876951983118755773e+00,-3.407267183217375983e+00,-4.584532227290584849e+00,-5.731668092900159550e+00
9.305986193239139226e+00,8.017516770634117051e+00,6.330003402773435539e+00,4.561397268622761736e+00,2.765767177282359768e+00,1.023643989496666240e+00,-5.423609486889954256e-01,-1.959046912973067434e+00,-3.579769217345696308e+00,-4.863927660151348142e+00,-6.155084913194784235e+00
9.626743207111227107e+00,8.319313728593790813e+00,6.570638611502139348e+00,4.728561042990989449e+00,2.853787711363453106e+00,1.034177059633725193e+00,-5.803593556571043921e-01,-2.023211631715506442e+00,-3.666820596430593326e+00,-4.949961905038915866e+00,-6.211085498674068006e+00
1.005466699037588008e+01,8.711294721782287809e+00,6.882196344133790333e+00,4.941035267736880066e+00,2.968933754724174534e+00,1.049525574368774361e+00,-6.235296787555094644e-01,-2.112726580540917443e+00,-3.782890044311925770e+00,-5.062855413635483970e+00,-6.273814841729884684e+00
1.060637650801859166e+01,9.206630686645624451e+00,7.276706965639136548e+00,5.205142663278913062e+00,3.093714369907843320e+00,1.063392323317940313e+00,-6.706307562110221943e-01,-2.206772397231417937e+00,-3.925967689105688940e+00,-5.238169432004633030e+00,-6.501587613443630786e+00
1.039187954139689829e+01,8.958487459645930073e+00,7.016044218582468517e+00,4.966896381697582186e+00,2.909045572972571048e+00,9.504937037485170492e-01,-6.851155574370231260e-01,-2.094422115837376808e+00,-3.641029652671928130e+00,-4.785291181863787990e+00,-5.868451655117098653e+00
9.568408429107995161e+00,8.186006602817798239e+00,6.342735386244859441e+00,4.447240584699072130e+00,2.580966354189030643e+00,8.258752367450965526e-01,-6.292504513053687187e-01,-1.871858501912765815e+00,-3.222092252979687377e+00,-4.227531860588365831e+00,-5.185408946676324682e+00
8.651574531216983388e+00,7.333890799295754270e+00,5.628979467158156780e+00,3.913204892866419815e+00,2.262147155519714570e+00,7.310371656972705079e-01,-5.351868862920963199e-01,-1.634424446568298439e+00,-2.865001237116310495e+00,-3.850099201815143424e+00,-4.834013974230635391e+00
8.239240095704008837e+00,6.948600009179049408e+00,5.298100281778328480e+00,3.661186784523270177e+00,2.100267176636743116e+00,6.654317184752490677e-01,-5.106296052484782244e-01,-1.521210407522737507e+00,-2.655042140886519242e+00,-3.569755071331082608e+00,-4.488242331774622507e+00
8.179352005610082799e+00,6.886671864235946572e+00,5.234139029104317942e+00,3.604140586709350114e+00,2.055297439514437663e+00,6.344510089768626848e-01,-5.262020383891444775e-01,-1.502896444277835863e+00,-2.569379805013075835e+00,-3.390909496661465461e+00,-4.188491742343629198e+00
8.263816721235045293e+00,6.937607466184894101e+00,5.266120926928701707e+00,3.614959244309676301e+00,2.056198198989796389e+00,6.362608514253283998e-01,-5.376314744593105877e-01,-1.520812367857288239e+00,-2.567143184996150129e+00,-3.329365486747937641e+00,-4.062330484818789778e+00
8.202129004423953873e+00,6.887414573007519358e+00,5.229541216656429015e+00,3.586164293351011612e+00,2.030682299088279130e+00,6.276378434077566348e-01,-5.434360012911210180e-01,-1.517034972977355345e+00,-2.527044974587927317e+00,-3.235673672039274695e+00,-3.886121747064072984e+00
8.020670962256767567e+00,6.734625890439795093e+00,5.106133643969227975e+00,3.490467433563148703e+00,1.951258008518835574e+00,5.760621062671903436e-01,-5.669667413238558273e-01,-1.482880134370221148e+00,-2.372352130154254723e+00,-2.950696775446740361e+00,-3.469652967746056582e+00
7.728645084734944604e+00,6.462202915021913796e+00,4.865345048107894144e+00,3.285646779741060897e+00,1.793441676843582577e+00,4.799276084127307440e-01,-5.675584223651229943e-01,-1.381453680953156127e+00,-2.132408975895782266e+00,-2.603040631846931685e+00,-3.025177891004657393e+00
7.490134348049084068e+00,6.247269931252384723e+00,4.705423870856664692e+00,3.184273614877084047e+00,1.746304043777988868e+00,4.724883999449774885e-01,-5.348961921533396113e-01,-1.319592072637391755e+00,-2.099922628853298168e+00,-2.637165601392281733e+00,-3.129901219393457446e+00
7.648437379847512929e+00,6.408411370542559382e+00,4.866013290663438795e+00,3.335578572630083283e+00,1.869438902677211134e+00,5.391986044576283499e-01,-5.357531566098252540e-01,-1.393328614531436305e+00,-2.263879604026760806e+00,-2.895174594514204891e+00,-3.518725780893659838e+00
8.026813257046802264e+00,6.790238216321584197e+00,5.220362756826006034e+00,3.629984654451703374e+00,2.069010412556439693e+00,6.204607938606182538e-01,-5.687866575421807180e-01,-1.524398014517945432e+00,-2.506722111180138768e+00,-3.220116265900949681e+00,-3.900893949744273392e+00
8.132663219060855653e+00,6.908401948815180660e+00,5.330105770613441152e+00,3.710176978644558865e+00,2.116388584138980899e+00,6.312846954603710259e-01,-5.823173741638792977e-01,-1.553816154880690803e+00,-2.554656224214691740e+00,-3.298613315198757778e+00,-4.035941383722752462e+00
7.984375956280207021e+00,6.743141332339735783e+00,5.161797358396007063e+00,3.553328501447521770e+00,1.991176399806783737e+00,5.562832976356563153e-01,-5.768651301971448042e-01,-1.475298441426192486e+00,-2.385097286043567522e+00,-3.039393382492878715e+00,-3.663734100700960727e+00
7.776020013800760466e+00,6.521332182585982018e+00,4.924377870105521637e+00,3.323862203619718514e+00,1.806750321885108646e+00,4.453873090528678302e-01,-5.896120957135767560e-01,-1.374867521212531640e+00,-2.106181791791262192e+00,-2.576875945773117849e+00,-2.992019595773846685e+00
7.552966436049409538e+00,6.291088989736529413e+00,4.705095714205264734e+00,3.140276934559323774e+00,1.668967825960960161e+00,3.633917390565792882e-01,-6.072674519787625291e-01,-1.304673581007212979e+00,-1.883976863437343940e+00,-2.151233022105774495e+00,-2.300361079542962983e+00
7.301961138820799668e+00,6.054727809289365936e+00,4.507781112337922558e+00,2.995748260786676553e+00,1.580651017431340621e+00,3.380140674295618597e-01,-5.958041024270134267e-01,-1.259813734611759495e+00,-1.765048965067660847e+00,-1.948305827128981704e+00,-2.012966503668631724e+00
7.128633369518264651e+00,5.910175353249867314e+00,4.414224768052565473e+00,2.965547316474630435e+00,1.611673458467204334e+00,4.118310999016225327e-01,-5.419705522057921554e-01,-1.260016740384909406e+00,-1.874500251295826425e+00,-2.199284492742166197e+00,-2.466088226412092244e+00
7.008887239219102838e+00,5.821137452211652352e+00,4.386954255587494522e+00,3.009910193403489753e+00,1.713272270980435330e+00,5.430138611347182787e-01,-4.528372885065230502e-01,-1.280322577346197477e+00,-2.139737518983842790e+00,-2.758102659272511747e+00,-3.354118445528054160e+00
7.244093386492689746e+00,6.081682409487383367e+00,4.656035591235197835e+00,3.260303441605272301e+00,1.919070312661749655e+00,6.792812117299266150e-01,-4.246449255198683770e-01,-1.393368018514560935e+00,-2.482071917291083896e+00,-3.320191519992601314e+00,-4.134099271617740712e+00
7.653376292672041004e+00,6.482225336364085599e+00,5.024019380073095675e+00,3.546774186116673278e+00,2.091905391182906193e+00,7.291897665653886973e-01,-4.703547242844683396e-01,-1.517037480411285166e+00,-2.670708446280164239e+00,-3.541770054935565071e+00,-4.372974577514375127e+00
8.019211807061344288e+00,6.809757374015705800e+00,5.275320896461709097e+00,3.695089590136339197e+00,2.131264328837379374e+00,6.695126450201543955e-01,-5.426190446495517961e-01,-1.550646847102603365e+00,-2.632376937689363317e+00,-3.442152183445291058e+00,-4.212897132155533519e+00
8.247476559035598953e+00,6.993234428677031822e+00,5.395408957884019863e+00,3.747611093818973504e+00,2.132043358372197606e+00,6.372684582726244606e-01,-5.557022056895623008e-01,-1.542169299592414999e+00,-2.626625924803284384e+00,-3.485187436418252016e+00,-4.348320347463912938e+00
8.551315502406707125e+00,7.245418322572413139e+00,5.566054722453511516e+00,3.848128051060907495e+00,2.170419784876171931e+00,6.353847583968151858e-01,-5.606574065921413608e-01,-1.560008396617532211e+00,-2.698268422803407951e+00,-3.624772109778372720e+00,-4.544222489700717738e+00
8.670427146995026035e+00,7.359227302527113324e+00,5.652747534665744311e+00,3.894116130725170599e+00,2.178449181170750037e+00,6.204157850966247612e-01,-5.966943933841809544e-01,-1.588161507911001413e+00,-2.671090369009927912e+00,-3.506742232134006265e+00,-4.334093539188975441e+00
8.688696799004654636e+00,7.375248615870314772e+00,5.650414508108671185e+00,3.870760210637310017e+00,2.142435352987776653e+00,5.775878170044554949e-01,-6.445139929737240259e-01,-1.597517373475814351e+00,-2.552855082068923753e+00,-3.215614964706265511e+00,-3.842755747227056151e+00
8.546341450600992928e+00,7.238278284331165047e+00,5.528341618108831845e+00,3.767869575397793547e+00,2.057012054993076156e+00,5.124304568961948192e-01,-6.678014260117027812e-01,-1.551605839319561753e+00,-2.387224604011423779e+00,-2.929237534724651759e+00,-3.413957154054350962e+00
8.339702590363147650e+00,7.053149894019105304e+00,5.378593897706266169e+00,3.654307673287270575e+00,1.973687669568644720e+00,4.622395043439417872e-01,-6.794193628811268093e-01,-1.508827010277370873e+00,-2.242502868710358310e+00,-2.662678487050272658e+00,-2.990507726774439767e+00
8.174582511496620185e+00,6.896733932048757509e+00,5.238141498524194084e+00,3.543979737089830717e+00,1.894769856875546443e+00,4.165087593229904184e-01,-6.944085611710496542e-01,-1.470031456280144422e+00,-2.099382418626019486e+00,-2.405231880974143088e+00,-2.621202848867085766e+00
8.193171661130961070e+00,6.897199465540028385e+00,5.220454976667551428e+00,3.514278352297774521e+00,1.869270166149277435e+00,4.018671595912823302e-01,-7.003403722275287624e-01,-1.461739527969087016e+00,-2.058363240320338239e+00,-2.328859713272226184e+00,-2.505421452135760951e+00
8.306640006301938328e+00,7.002873154398689515e+00,5.309825874149040281e+00,3.582684038061558329e+00,1.919465574802867058e+00,4.383237155288355891e-01,-6.714500650114229030e-01,-1.480328747812846180e+00,-2.182579959167896710e+00,-2.562844723585397499e+00,-2.853545025944779656e+00
8.163830495115735886e+00,6.898606876566283574e+00,5.254983159177493590e+00,3.571299286887579694e+00,1.948810366846791764e+00,4.919659822794514858e-01,-6.126949675050896715e-01,-1.463675413980864093e+00,-2.299940493139438047e+00,-2.859991262397486356e+00,-3.364617031656344182e+00
7.868469243874545604e+00,6.654272579398151422e+00,5.093777811357417917e+00,3.491919740009615136e+00,1.938348362519221491e+00,5.182552541932704537e-01,-5.762277016036563282e-01,-1.439114105806103661e+00,-2.311945272935690632e+00,-2.916586556028094357e+00,-3.452430273459026200e+00
7.657905471588127178e+00,6.431166404164246231e+00,4.883904113939119718e+00,3.314793784440473789e+00,1.796681651143381631e+00,4.217395361291387812e-01,-5.995802004958410425e-01,-1.354941023331508898e+00,-2.063573674249060907e+00,-2.518733000647258358e+00,-2.919151887244775256e+00
7.319618354738938848e+00,6.088737091666078349e+00,4.564522218985473501e+00,3.046548495555732039e+00,1.589141611511629915e+00,2.916827808692308843e-01,-6.335949214611290570e-01,-1.240331179938691575e+00,-1.706086401266194041e+00,-1.916440248265170565e+00,-2.041679484845783321e+00
6.670061727078673286e+00,5.480761066654038949e+00,4.046035055758582466e+00,2.652785545221001851e+00,1.346019016013138669e+00,2.048022398805464939e-01,-5.853593679950070960e-01,-1.074090578040954203e+00,-1.406727107422473644e+00,-1.505760650113051158e+00,-1.522862522536811980e+00
6.219358065768402000e+00,5.067665688698257398e+00,3.712460020253695259e+00,2.416720211489952419e+00,1.225867557445218026e+00,1.945782600446260557e-01,-5.127721080557023914e-01,-9.748404214095220954e-01,-1.319917241637907246e+00,-1.466170283722879164e+00,-1.544250483590060119e+00
6.135673284441055308e+00,5.006951037852231501e+00,3.674567113411139285e+00,2.394934883418731619e+00,1.223929351686726452e+00,2.157124609982400409e-01,-4.840958528255641102e-01,-9.644267884101066501e-01,-1.357110466376838742e+00,-1.572425980341912277e+00,-1.745114339074604004e+00
6.249593110547722929e+00,5.118342983909871968e+00,3.774769958654089930e+00,2.483582469977591245e+00,1.300328658865467002e+00,2.785457760026900376e-01,-4.534758916752159585e-01,-9.973998959308896239e-01,-1.519748347393324650e+00,-1.880776791156846039e+00,-2.212991601463550229e+00
6.471015687662259097e+00,5.323314957971721384e+00,3.962219445362592296e+00,2.650973588904273814e+00,1.447897766539273157e+00,3.881645552840793933e-01,-4.086052367097779414e-01,-1.077404687234306602e+00,-1.805525342179860715e+00,-2.349881819512159353e+00,-2.851691336936257759e+00
6.661908225204815182e+00,5.521365005458294561e+00,4.148992460723144760e+00,2.818381855005341219e+00,1.590886381433490593e+00,4.847108861045842376e-01,-3.854178315136114752e-01,-1.160658999482538922e+00,-2.048043194900041719e+00,-2.730292091249570063e+00,-3.385229868857231761e+00
6.727698209568918841e+00,5.601599990343811619e+00,4.237843198401900047e+00,2.909158303425927183e+00,1.671700430981758689e+00,5.390079165726161525e-01,-3.804237413394556122e-01,-1.205175500581018522e+00,-2.168587527923259817e+00,-2.929092265297350117e+00,-3.673579328925424825e+00
6.670994381801725659e+00,5.556980001823916382e+00,4.230593449343436951e+00,2.931493765887811520e+00,1.701587182722309910e+00,5.597129191990428687e-01,-3.771420517908568026e-01,-1.217500773791934332e+00,-2.201249733794082619e+00,-2.995185844787355833e+00,-3.776011563558676176e+00
6.769723994684849977e+00,5.653403411715881788e+00,4.323813775189801589e+00,3.017632433907107004e+00,1.764848919159359930e+00,5.969257265452005967e-01,-3.678670314351679682e-01,-1.248435136756101516e+00,-2.307399342077670834e+00,-3.186010636054331435e+00,-4.063013397035079244e+00
6.971487123457702495e+00,5.851674340390902174e+00,4.491580921356233880e+00,3.148830781641864363e+00,1.847987973836395570e+00,6.284071793729674171e-01,-3.833770334717245820e-01,-1.303549990527622215e+00,-2.410693224212450581e+00,-3.329321320940887396e+00,-4.251501272504095930e+00
7.317621277053667939e+00,6.161547007082805116e+00,4.741705337109224594e+00,3.318824658221065871e+00,1.939113045722705042e+00,6.396016556845666168e-01,-4.327869839249542383e-01,-1.384866765764049656e+00,-2.481439699910362062e+00,-3.352964007779146272e+00,-4.197672982603278591e+00
7.542024389119961647e+00,6.361049276996366686e+00,4.899017325736831907e+00,3.427317770541178366e+00,1.992460202116803636e+00,6.447164449657400986e-01,-4.686915947783963921e-01,-1.439737359624460700e+00,-2.517672228647058752e+00,-3.331666684027952297e+00,-4.121236513096319776e+00
7.678191977974418769e+00,6.489233386717208063e+00,4.993815345220988355e+00,3.486062866957827744e+00,2.021776270791589614e+00,6.461350942873136383e-01,-4.865220261650869960e-01,-1.461847964048131887e+00,-2.542768370427106905e+00,-3.354835060475640063e+00,-4.124177233678248733e+00
7.779815716906499645e+00,6.573111935310701703e+00,5.060388016679453038e+00,3.535891485090182140e+00,2.054346955533300711e+00,6.626163898788428597e-01,-4.926175228545259799e-01,-1.481985901215526980e+00,-2.587238485964985291e+00,-3.425420111301477721e+00,-4.226211052160240733e+00
7.999774403445871762e+00,6.777549511493736745e+00,5.219668324895282652e+00,3.642199555706066683e+00,2.104578347857721354e+00,6.702567967749301081e-01,-5.126778778313707541e-01,-1.522982598247440311e+00,-2.641233826517059846e+00,-3.495581387175434429e+00,-4.332185470962175877e+00
8.242087315137235137e+00,7.005397459855156050e+00,5.404770717659348023e+00,3.768271321654660611e+00,2.173244657319727935e+00,6.932059618765724629e-01,-5.217019034779584175e-01,-1.564888817526103537e+00,-2.742211519125865138e+00,-3.667563269000476023e+00,-4.594543959613930362e+00
8.535112617919041966e+00,7.268120582730345447e+00,5.631913668125791084e+00,3.949526978092493312e+00,2.292711408927012418e+00,7.432858984541276248e-01,-5.438151129970051345e-01,-1.653014690214800630e+00,-2.888563080225192703e+00,-3.841690218691927061e+00,-4.778710474489657578e+00
8.918155992757206718e+00,7.637124110917140385e+00,5.968535241828866411e+00,4.229881152420092327e+00,2.482322167309106042e+00,8.112180999944845761e-01,-6.031091759058048174e-01,-1.801443997353356474e+00,-3.074521996520334088e+00,-3.989083901336935245e+00,-4.843680749081291204e+00
9.338572391607991463e+00,8.034649158652618084e+00,6.323744577905269004e+00,4.528085371613251198e+00,2.689022212972555614e+00,9.019251731465146582e-01,-6.467277946019605039e-01,-1.952595400030795458e+00,-3.312917925335817859e+00,-4.259925757748687758e+00,-5.130855218931259287e+00
9.683131342395700614e+00,8.361486709746742463e+00,6.625157706918337830e+00,4.790340561862072910e+00,2.896406686217478210e+00,1.038331849712241572e+00,-6.274416737902346330e-01,-2.084548820905820055e+00,-3.648813998184554208e+00,-4.776043206047963174e+00,-5.840684651343999612e+00
1.001709964061720370e+01,8.670136313915094206e+00,6.881887269416261610e+00,4.994429766771180113e+00,3.050070375703725745e+00,1.131737154309026661e+00,-6.144490930858224065e-01,-2.180476099287311786e+00,-3.899663653031415045e+00,-5.175596437621909018e+00,-6.392661422485404366e+00
1.042582206460669347e+01,9.029469259003931825e+00,7.150623926852196277e+00,5.180047386549501809e+00,3.170042106870147425e+00,1.189787023109589503e+00,-6.170991238798714251e-01,-2.260668847675073145e+00,-4.088892125286369250e+00,-5.465596531107861367e+00,-6.817135669805860054e+00
1.031254474090600404e+01,8.914351053324743646e+00,7.045767007417564898e+00,5.098313128518881854e+00,3.124363233792949668e+00,1.193449056285679433e+00,-5.809880651666872176e-01,-2.217063775364217282e+00,-4.081238795384376061e+00,-5.524900645820444822e+00,-6.946312842260810250e+00
1.004965879350684155e+01,8.663500171480601253e+00,6.840791250161717407e+00,4.953737850739208248e+00,3.041822891294337694e+00,1.172890873453179106e+00,-5.543641286544658264e-01,-2.152269591848943620e+00,-3.991969695088752434e+00,-5.431122363800328756e+00,-6.862829725599071118e+00
9.588770865970976942e+00,8.214607076557280507e+00,6.442597124872547099e+00,4.644838670891112464e+00,2.854854444351152765e+00,1.116137488073902562e+00,-5.113248450619336527e-01,-2.030279923254497465e+00,-3.778025734475838782e+00,-5.124805086172802504e+00,-6.445292890147918285e+00
9.381763064410444386e+00,8.026804357025959291e+00,6.281606273368283588e+00,4.518404298083928516e+00,2.779016207232393398e+00,1.091888814638567240e+00,-4.762032165467997569e-01,-1.955800968435170262e+00,-3.714751270767685298e+00,-5.122168285356655026e+00,-6.511633252314190656e+00
9.242070902998225534e+00,7.914125865914793501e+00,6.191052937499859965e+00,4.435526690237275638e+00,2.699719473507434131e+00,1.018947150229351450e+00,-4.953079782085155758e-01,-1.896934425460857998e+00,-3.557406989120885932e+00,-4.920149700946582882e+00,-6.294980987414463769e+00
8.990299013981369214e+00,7.682917646082422003e+00,5.987197816473976530e+00,4.247752201885961476e+00,2.529303124789769264e+00,8.961068102295653981e-01,-5.233991944643747729e-01,-1.797715212159050724e+00,-3.273015873893363903e+00,-4.448970651258521869e+00,-5.627828349510468620e+00
8.893117227775780620e+00,7.591823075616326300e+00,5.922087909767816960e+00,4.200710052704545561e+00,2.479025865242439508e+00,8.349895731802616794e-01,-5.643171336333413501e-01,-1.784445607621422569e+00,-3.126928801094682520e+00,-4.131677684642352411e+00,-5.099268465423564933e+00
8.600544202585489018e+00,7.328877132238094561e+00,5.711542019225166023e+00,4.046781154911145428e+00,2.377911545254481673e+00,7.843831741331892538e-01,-5.661331251387994312e-01,-1.729343612304047095e+00,-2.969308816942551221e+00,-3.831780664190672425e+00,-4.614874746251293125e+00
7.955347104719578510e+00,6.728191124631852205e+00,5.209344784542531137e+00,3.664630901418921560e+00,2.131771847907554474e+00,6.814462528053782941e-01,-5.413140406982417385e-01,-1.566469505336525847e+00,-2.625910939424137336e+00,-3.351561618421710076e+00,-3.977005158417757258e+00
7.318157566508991074e+00,6.128759675025227338e+00,4.684820430679455860e+00,3.244320440995668964e+00,1.850279837842101260e+00,5.569261221900276837e-01,-5.061154655405717406e-01,-1.373629251072043145e+00,-2.251249408919902883e+00,-2.864015949901685065e+00,-3.408956356742927518e+00
6.918523981119874655e+00,5.766573162419756926e+00,4.374554269342420199e+00,3.002499524073874326e+00,1.694546684921053981e+00,4.993287822538902687e-01,-4.664648000662548477e-01,-1.255807892245665025e+00,-2.073041086549669121e+00,-2.679070618643297763e+00,-3.276303541328275948e+00
6.785528297392693808e+00,5.636270276118130695e+00,4.257829482138583366e+00,2.915197142923893203e+00,1.644343271852857669e+00,4.937414688773515969e-01,-4.327039585355783591e-01,-1.209398088115340553e+00,-2.053024797614520391e+00,-2.698004803047238997e+00,-3.321997573317248875e+00
6.704769152001751387e+00,5.549387655128517061e+00,4.173633375033952042e+00,2.851878212364340470e+00,1.609965050883651827e+00,4.828307371662453606e-01,-4.137074614548284512e-01,-1.179289065599382402e+00,-2.028678018594210819e+00,-2.672692324582521817e+00,-3.280350091768879484e+00
6.444485690867178818e+00,5.308192856831724704e+00,3.971525689593851105e+00,2.710144842322080638e+00,1.538176978908737835e+00,4.680850002646307906e-01,-3.932628190094075715e-01,-1.128436030325592698e+00,-1.938656296243293387e+00,-2.555905703872570545e+00,-3.142088774880279711e+00
6.352212088608820473e+00,5.223886411260817653e+00,3.906966157393340744e+00,2.657307125547225368e+00,1.495056961273947937e+00,4.426323514643051293e-01,-4.062662171980346848e-01,-1.115909023257823485e+00,-1.854698625103841536e+00,-2.387488766949433128e+00,-2.884451801186672437e+00
6.351436898569218670e+00,5.249654093060360793e+00,3.932233481261323771e+00,2.654477065322109919e+00,1.469826734294505943e+00,4.218256673287547609e-01,-4.240156542623688130e-01,-1.118240668861164577e+00,-1.812279398247273354e+00,-2.261592328394611329e+00,-2.650330761405673030e+00
6.410990101672491726e+00,5.305231218901511170e+00,3.979423092807334417e+00,2.688572200357575603e+00,1.483744684424757265e+00,4.196115534675355363e-01,-4.403128803742060171e-01,-1.133390042036489964e+00,-1.810811750882661109e+00,-2.241032604482636525e+00,-2.624971383708941453e+00
6.418119866651083250e+00,5.314454844182269433e+00,3.993732108588631480e+00,2.723474268741492565e+00,1.533935125837725177e+00,4.717156611810526812e-01,-4.144245150915820131e-01,-1.157748178110102000e+00,-1.915132046866108828e+00,-2.430217104834865971e+00,-2.908119889960894433e+00
6.523730713570356166e+00,5.411721481488361185e+00,4.095153198415171225e+00,2.827112067629698355e+00,1.628374821575980347e+00,5.447812820487234475e-01,-3.957540495808188896e-01,-1.211453632482024201e+00,-2.079037587845989243e+00,-2.700616108848418406e+00,-3.301387336335948053e+00
6.765169825569386397e+00,5.641419145788320932e+00,4.295102589965870798e+00,2.989409004193042563e+00,1.737664672272838828e+00,5.891624445689807033e-01,-4.194729176612634336e-01,-1.290825184608780374e+00,-2.204578344581106908e+00,-2.848627917217970040e+00,-3.456591175119801740e+00
7.051484875015873399e+00,5.915503899310832203e+00,4.523703566489944983e+00,3.155795518328122995e+00,1.837594839082271836e+00,6.114526799788104761e-01,-4.518888405109963147e-01,-1.362346909865273403e+00,-2.310494258952047630e+00,-2.951919048582698046e+00,-3.530637146957794847e+00
7.308301736515361746e+00,6.132365290963907256e+00,4.681011589060188882e+00,3.244943002146815303e+00,1.866458218779854183e+00,5.987344043796738458e-01,-4.835941916171913602e-01,-1.386231604943922058e+00,-2.323804822207533594e+00,-2.968451837242746638e+00,-3.579252417489990457e+00
7.063797419096082386e+00,5.895482723768042277e+00,4.464600882559032868e+00,3.062308945499262691e+00,1.730840540745721912e+00,5.183811146823424920e-01,-4.810342520140261091e-01,-1.288161971062474764e+00,-2.119442262914302155e+00,-2.717488963469560925e+00,-3.299057259077416315e+00
6.655161615536042241e+00,5.512870709550967696e+00,4.129322773637224664e+00,2.782543873409330626e+00,1.532894624827586538e+00,4.147579609758498265e-01,-4.677365800968046328e-01,-1.161956755554625298e+00,-1.842623415076074300e+00,-2.299925460016551071e+00,-2.739586705693924706e+00
6.411036193988735477e+00,5.291158282887388431e+00,3.937412417698869849e+00,2.629319601964641873e+00,1.416574063256079929e+00,3.484320524405061792e-01,-4.537647412342196152e-01,-1.075232756516953936e+00,-1.693461021704443903e+00,-2.100146223190882289e+00,-2.465353626166097545e+00
6.153298523560328803e+00,5.038232008004110085e+00,3.702507669608994689e+00,2.426382320739195908e+00,1.270780520756117360e+00,2.879822596211719099e-01,-4.216285999658832551e-01,-9.668570019217996858e-01,-1.530489232164385260e+00,-1.950152393377170279e+00,-2.373937427927230281e+00
6.039349102389574675e+00,4.927840889519735867e+00,3.609547388071201901e+00,2.355916396840926463e+00,1.231961496479019980e+00,2.899828993364244600e-01,-3.984950971095240213e-01,-9.401497921433038529e-01,-1.510953824779294852e+00,-1.941306141758089243e+00,-2.375144578348251212e+00
5.814319516976648394e+00,4.727714889983530178e+00,3.466308532549576160e+00,2.280981605970212822e+00,1.216686089883773469e+00,3.146183499404499040e-01,-3.741290296208136801e-01,-9.289687159488175805e-01,-1.512870697591252700e+00,-1.922718982143442723e+00,-2.288684331467795818e+00
5.829124121678524340e+00,4.749935109259721955e+00,3.511943085520592422e+00,2.353874988601366791e+00,1.300173712456416109e+00,3.747480985668336095e-01,-3.695975327456183512e-01,-9.828256933769807802e-01,-1.626143414320677660e+00,-2.063744386640847583e+00,-2.454504418568812962e+00
6.029102437627608779e+00,4.938208889454559269e+00,3.684359889589160275e+00,2.513004563701946026e+00,1.437919272520174152e+00,4.669747498106484596e-01,-3.541665800649953511e-01,-1.065477681620594419e+00,-1.841218783703869821e+00,-2.416903919555101865e+00,-2.976806624699898318e+00
6.055308767998359265e+00,4.955944634566190388e+00,3.687233128847762664e+00,2.514213201922433250e+00,1.452491262086989643e+00,4.916160749612364933e-01,-3.339972216103556102e-01,-1.064145923643100122e+00,-1.887105422492454609e+00,-2.558412477129261564e+00,-3.263067714044981305e+00
5.913246054599503587e+00,4.831138536864814093e+00,3.583884185152916402e+00,2.436894479870808539e+00,1.411792886330561991e+00,4.860464110676151472e-01,-3.034292464988048721e-01,-1.029955347015196976e+00,-1.872937914020970984e+00,-2.547491202764361695e+00,-3.236911371702893891e+00
5.977609175760514759e+00,4.890184725332512805e+00,3.647824186017075032e+00,2.495364682468323991e+00,1.453049376357607114e+00,5.095877328497124825e-01,-3.013682528738929056e-01,-1.060405803375404021e+00,-1.939642663617564322e+00,-2.620987059753037585e+00,-3.295166875390637351e+00
5.911119771136355894e+00,4.815728291304194997e+00,3.576727275965061903e+00,2.435277110342771945e+00,1.396968325620148166e+00,4.703256111703236209e-01,-3.218083315707250258e-01,-1.030738043280078120e+00,-1.832009408705408626e+00,-2.438377799091495657e+00,-3.027058500749868042e+00
5.855851833463182388e+00,4.760120252195702228e+00,3.510974251944179336e+00,2.364615779475376822e+00,1.320640616280949198e+00,3.964180046889122511e-01,-3.645809525145050634e-01,-9.989319644742395976e-01,-1.656853168745803018e+00,-2.111293012792735624e+00,-2.519866262618849273e+00
5.970249780918916116e+00,4.881217571681138345e+00,3.623458354250912450e+00,2.429957270414276227e+00,1.320337801385542686e+00,3.313222528323589988e-01,-4.389623024367262927e-01,-1.023255784589444106e+00,-1.548713946392760388e+00,-1.825920538565712681e+00,-2.013567945979978457e+00
6.165358758383013615e+00,5.087771701560502180e+00,3.808497657263915315e+00,2.551430216214344959e+00,1.356079734265790870e+00,2.914820838009657411e-01,-5.071145707493062149e-01,-1.068220324176835323e+00,-1.511431961180252470e+00,-1.664266885926888317e+00,-1.700838810303764159e+00
6.395434691052635401e+00,5.300601810552616477e+00,3.981573953036843694e+00,2.673940747473699808e+00,1.417368600294150127e+00,2.976238124179683142e-01,-5.293296992101514942e-01,-1.108363798471138528e+00,-1.572501992000002291e+00,-1.766160956670174587e+00,-1.851653978492593833e+00
6.585952432006396684e+00,5.455359991497265248e+00,4.109444729476761538e+00,2.786300593869938336e+00,1.522488082967647038e+00,3.811253526123634106e-01,-4.900045930482099243e-01,-1.151082392160414969e+00,-1.784120639058091262e+00,-2.183477225525908949e+00,-2.510103840614102300e+00
6.911919930257575118e+00,5.746587442931924805e+00,4.340033993080543162e+00,2.961751039852025258e+00,1.651796433046307078e+00,4.635520649482774425e-01,-4.680904603191413105e-01,-1.223712609792394712e+00,-2.014947434047255292e+00,-2.594385167636122702e+00,-3.149734488298901791e+00
7.425816319834052770e+00,6.230141733203462096e+00,4.750295561047404469e+00,3.265685871402774332e+00,1.839360773850650999e+00,5.344610367128188599e-01,-4.989308207311562438e-01,-1.353412450614783102e+00,-2.263916176066217645e+00,-2.921963626630067257e+00,-3.553527269601171490e+00
7.976731834262071885e+00,6.741933375424663311e+00,5.166700848372195232e+00,3.562762103277380632e+00,2.005191868831792235e+00,5.789179046911121507e-01,-5.540617902390647664e-01,-1.475976540589950092e+00,-2.449308150851011945e+00,-3.145718387344943689e+00,-3.794166622135205280e+00
8.179299999139399091e+00,6.913862501544423722e+00,5.279441798596613111e+00,3.606589281149923831e+00,1.991663792846730452e+00,5.277639796603591504e-01,-6.137382722705646554e-01,-1.497255489635473058e+00,-2.358093168144390628e+00,-2.913055593469621396e+00,-3.406467628540794657e+00
7.691320522345972854e+00,6.440350276416840103e+00,4.847985531722029506e+00,3.243412302605554576e+00,1.717688365171394560e+00,3.713120998623423152e-01,-6.383951523968325326e-01,-1.344809751380305007e+00,-1.914412030306648305e+00,-2.191319500057932856e+00,-2.409298915457331436e+00
7.541943272610272864e+00,6.293285613503709186e+00,4.719823213162302800e+00,3.148500998671315720e+00,1.659305675963281157e+00,3.556368830394314728e-01,-6.193340284574797572e-01,-1.300278499264440724e+00,-1.855550432202644373e+00,-2.135743420988721830e+00,-2.356100677432929835e+00
7.817996103035869560e+00,6.561630826909462755e+00,4.974305746784457583e+00,3.385334455659120056e+00,1.861068277487457401e+00,4.905324304676176861e-01,-5.727712233621423676e-01,-1.408372675143502173e+00,-2.213655675408930268e+00,-2.727223617942573064e+00,-3.178788366434388557e+00
8.063184092788983293e+00,6.821736305279667789e+00,5.247912378829375335e+00,3.646576712000106468e+00,2.083518959691164074e+00,6.376340195814603762e-01,-5.349723752037982560e-01,-1.524319199987923090e+00,-2.583819317918758518e+00,-3.361170441259168751e+00,-4.112538662895487640e+00
8.151678439059169889e+00,6.911963488657018928e+00,5.333751775254174099e+00,3.725017900936794746e+00,2.156719101345741407e+00,6.965217795607037132e-01,-5.118137881447573090e-01,-1.554340665277053724e+00,-2.729194297534608182e+00,-3.633979484184858944e+00,-4.512641413354409714e+00
7.922268058188078221e+00,6.692612531446812341e+00,5.150835150003620022e+00,3.594679041810289633e+00,2.088994772448715231e+00,6.914859833807596168e-01,-4.734925320149762085e-01,-1.494494969984550226e+00,-2.680163517350741653e+00,-3.628246495860624421e+00,-4.566003984682415862e+00
7.772877219135679638e+00,6.539509757095398612e+00,5.010857561963118378e+00,3.482301459233165808e+00,2.004401171490377553e+00,6.449505375888099357e-01,-4.789924953763761706e-01,-1.450210618231209336e+00,-2.546129415933410023e+00,-3.399542792690884774e+00,-4.225075984152125486e+00
7.808964280225596077e+00,6.580640355393152952e+00,5.039644102112912805e+00,3.487261518721139097e+00,1.983838083699180022e+00,6.025508432808241999e-01,-5.300173045769868141e-01,-1.470632676581599574e+00,-2.444041024760494007e+00,-3.115317937896665779e+00,-3.738925923776653004e+00
7.611412893759160525e+00,6.411467118424993394e+00,4.903994748694873174e+00,3.377042672830706138e+00,1.894535012858333145e+00,5.348956000058852078e-01,-5.546432830207188580e-01,-1.419608760330940855e+00,-2.269154858242536044e+00,-2.818613708498809878e+00,-3.281928798586589924e+00
7.494105974790000069e+00,6.303131215632907569e+00,4.818046816275994182e+00,3.318535241099048072e+00,1.866698414333701539e+00,5.371082745931745617e-01,-5.177852274514421760e-01,-1.373076491813002509e+00,-2.272512250655998933e+00,-2.945136215418725278e+00,-3.603851054095911000e+00
7.457901991546828313e+00,6.275989272433871946e+00,4.811702605850645575e+00,3.330634362239146551e+00,1.889628820375454987e+00,5.585405070138302897e-01,-5.005869827895227386e-01,-1.371841673943881013e+00,-2.323337813579527289e+00,-3.067442610139383685e+00,-3.807014066402772290e+00
7.596898869402648913e+00,6.415249824618268981e+00,4.943808879046216909e+00,3.438836689644195754e+00,1.959597985499988981e+00,5.850775892808491863e-01,-5.193986755319630610e-01,-1.424478544196458252e+00,-2.401019936389775733e+00,-3.143753861240020431e+00,-3.853994391057434132e+00
7.542342099544566025e+00,6.376342065108270951e+00,4.893575528823173926e+00,3.379087159598264556e+00,1.890567593573930338e+00,5.244919863672140581e-01,-5.463738220356447739e-01,-1.399465631234011243e+00,-2.266823628380758127e+00,-2.872293704515275437e+00,-3.434896491348191194e+00
7.308717940904296384e+00,6.141825758738432839e+00,4.674186849131261035e+00,3.197068907867099963e+00,1.772442276515431292e+00,4.725260990304557263e-01,-5.322446124748350105e-01,-1.325131583539572055e+00,-2.110922037482111602e+00,-2.637273328485992163e+00,-3.097742505036154892e+00
7.144064827037007070e+00,5.962894595700984013e+00,4.505898757074571215e+00,3.060979404634597056e+00,1.689443621800582607e+00,4.500948257756222648e-01,-5.128556428159808389e-01,-1.273693339727208773e+00,-2.020996969174919222e+00,-2.504120970496768184e+00,-2.916894885707324026e+00
7.069161199264279105e+00,5.891989302822697283e+00,4.434702508585893987e+00,3.000684931726202542e+00,1.641641184450056246e+00,4.154087366131244408e-01,-5.362009575704961284e-01,-1.254297943453619668e+00,-1.919660647754102278e+00,-2.294577190302324432e+00,-2.568512997382831564e+00
7.190924275318311132e+00,6.006573536008438019e+00,4.526138235485214878e+00,3.063410094598861377e+00,1.678954824274312418e+00,4.386518338914721094e-01,-5.334383988906301610e-01,-1.280190213183439507e+00,-1.983463221129762477e+00,-2.418237818662111849e+00,-2.796193116708554083e+00
7.330019057442924257e+00,6.120176855695007134e+00,4.615169462262943334e+00,3.133096281881856626e+00,1.752453299397298547e+00,5.191187177950287168e-01,-4.699948967000732725e-01,-1.295940978219959572e+00,-2.190916426809888851e+00,-2.881669660506996244e+00,-3.580174130287306689e+00
7.510466999084153272e+00,6.286742263227851346e+00,4.775994211910894904e+00,3.286963994344591189e+00,1.880907290033188017e+00,5.996221576464406677e-01,-4.562363869419792106e-01,-1.361718482852057654e+00,-2.387002632854363426e+00,-3.243545000601594896e+00,-4.154804986245173026e+00
7.550274842903008654e+00,6.353596589317253240e+00,4.860453689675916067e+00,3.374313663476872005e+00,1.945776693682531810e+00,6.186213438170278245e-01,-4.698950423336788473e-01,-1.403052434001426763e+00,-2.453426902990993863e+00,-3.293316752901213729e+00,-4.149983212630224294e+00
7.657094099325759906e+00,6.458761363648274134e+00,4.972865333127749921e+00,3.479615725484264122e+00,2.026767956862265407e+00,6.618107157869902446e-01,-4.718858910965318398e-01,-1.460120822492031012e+00,-2.569515885359233032e+00,-3.418588552426618410e+00,-4.227177104446042222e+00
7.783783323696025214e+00,6.568526085043075113e+00,5.061497026397064225e+00,3.547195841590732091e+00,2.067487081613512689e+00,6.783312511073891216e-01,-4.819287881859113387e-01,-1.489228053197013457e+00,-2.619091760145152215e+00,-3.487883341846092389e+00,-4.316338690029944303e+00
8.019591566273785332e+00,6.772034691295806930e+00,5.207520946042233589e+00,3.639150024932297889e+00,2.112167071827185882e+00,6.793171741313865919e-01,-5.210013986961060661e-01,-1.532686305798445447e+00,-2.638529497551099556e+00,-3.470663452491331569e+00,-4.248221646417714048e+00
8.373485014446711006e+00,7.083094971162431364e+00,5.440847865511590165e+00,3.781571407713792965e+00,2.175297006112498988e+00,6.796757215895651294e-01,-5.661745862321628797e-01,-1.603764424751210615e+00,-2.686324731533566101e+00,-3.441487616299323538e+00,-4.154399929480697473e+00
8.494911049661100222e+00,7.189448017379548972e+00,5.515245946065101101e+00,3.809955863369109963e+00,2.156201429864326169e+00,6.395596631451756497e-01,-5.945482602520506532e-01,-1.600786386564407193e+00,-2.633275501880042224e+00,-3.338284997850001101e+00,-3.975817317669466000e+00
8.010111812150620736e+00,6.754660930399378316e+00,5.158469245231698252e+00,3.532548428355948289e+00,1.949004694427359574e+00,5.195879333150984491e-01,-6.049303956621387979e-01,-1.473629143770378569e+00,-2.302848474382268584e+00,-2.815709148711363241e+00,-3.268428108955499845e+00
7.451715236880992244e+00,6.242898943753517393e+00,4.735198051407841113e+00,3.229584592697191781e+00,1.777430991433524454e+00,4.554001172911256168e-01,-5.822228595194137712e-01,-1.358023727711155315e+00,-2.055273316446541543e+00,-2.445348829400801449e+00,-2.758553344077458114e+00
6.988173154185229663e+00,5.806955244807433303e+00,4.375196037852187025e+00,2.977711278484736379e+00,1.654672656367686345e+00,4.578028686199613340e-01,-5.110974848749719746e-01,-1.267560277677548530e+00,-1.970136628835267967e+00,-2.366343820941024134e+00,-2.655818252975997495e+00
6.893389672947421332e+00,5.716436234807446226e+00,4.310537009539405773e+00,2.945457851348717515e+00,1.656585426683245599e+00,4.951031254631245160e-01,-4.687278808700552357e-01,-1.255358009871692326e+00,-2.032821951948633910e+00,-2.525174661521166986e+00,-2.939676093019660374e+00
6.975606646522504839e+00,5.789581301387159762e+00,4.377131493041059862e+00,3.012169435313897470e+00,1.722072733738087447e+00,5.435530787599258673e-01,-4.353009244623073370e-01,-1.276227951700495078e+00,-2.173120462839455147e+00,-2.797237401289186298e+00,-3.357415382705142726e+00
7.043994406952984733e+00,5.860062019021258450e+00,4.428579233337623045e+00,3.029813840967314764e+00,1.709568203626354865e+00,5.128752764368716965e-01,-4.388013338922920337e-01,-1.256158117284413400e+00,-2.150905006280550147e+00,-2.823054187494951517e+00,-3.468525288056965472e+00
6.855493080355028468e+00,5.662359184693500858e+00,4.230560588905455610e+00,2.833586966205649205e+00,1.542343251981995067e+00,4.128007418535876161e-01,-4.288365856675195320e-01,-1.135132309149835317e+00,-1.928038498067860873e+00,-2.582835245457233864e+00,-3.244655866386314091e+00
6.651532837044534574e+00,5.478761882296318220e+00,4.060874033630366142e+00,2.684017491281103229e+00,1.432799394133997151e+00,3.609088915513708473e-01,-4.176518363310031123e-01,-1.056296160674869089e+00,-1.793107183997625587e+00,-2.411178878755514177e+00,-3.049355017294502090e+00
6.896264554834035998e+00,5.722352277887704730e+00,4.276730112674426820e+00,2.868075223441748811e+00,1.574445032806590206e+00,4.409259501012002813e-01,-4.199751002195156735e-01,-1.145458483135760597e+00,-1.998641638753082539e+00,-2.713242991922779623e+00,-3.432365810156841945e+00
7.002709434110877318e+00,5.838423487195705697e+00,4.423348470735619209e+00,3.034611618969249136e+00,1.722648833527757661e+00,5.343763874118737656e-01,-4.150176503248668158e-01,-1.234000550718909128e+00,-2.206442109598111045e+00,-3.017393237096784642e+00,-3.826128810657130064e+00
7.069741521905691606e+00,5.912359448022459496e+00,4.515159889503401303e+00,3.145438803258935323e+00,1.825475836970246624e+00,5.991536856938537436e-01,-4.074929424949270684e-01,-1.291981190218919551e+00,-2.354418746484984837e+00,-3.238060796263213081e+00,-4.114504228972655220e+00
7.167269720514898523e+00,6.027588292597304331e+00,4.637474415633359826e+00,3.253219146129919803e+00,1.908546575930731182e+00,6.462816553991971302e-01,-4.058345239424452910e-01,-1.346210528963240227e+00,-2.474064038720960923e+00,-3.412005505131055383e+00,-4.362484447345391203e+00
7.464260424003827055e+00,6.312506457966045481e+00,4.878061406353973339e+00,3.430193869626966485e+00,2.017870707351157922e+00,6.903927868073390650e-01,-4.290457961760094086e-01,-1.430229464536132422e+00,-2.611120361728545891e+00,-3.578198529156388030e+00,-4.530804449325914973e+00
7.939843790922730626e+00,6.767882669408406215e+00,5.282496941663911372e+00,3.755327313373466591e+00,2.230909947601256604e+00,7.707219813724329738e-01,-4.802698611257367189e-01,-1.587867803486663343e+00,-2.846171497662549843e+00,-3.845938995395396187e+00,-4.854080095190804300e+00
8.536122112937778894e+00,7.334804771390285971e+00,5.775339586814839166e+00,4.145773689291909037e+00,2.484382490690931533e+00,8.657085876516472656e-01,-5.447736624703076735e-01,-1.778279168290255230e+00,-3.129365504018382982e+00,-4.150762292586215096e+00,-5.134801746634439112e+00
9.272769962111453879e+00,8.014853994431597073e+00,6.344338252779236242e+00,4.580115474723096547e+00,2.772126546968407546e+00,9.953939460200905698e-01,-5.899678263273855361e-01,-1.983190716963568301e+00,-3.509210605942401084e+00,-4.637173095639147036e+00,-5.702025792088589284e+00
9.679675474496081122e+00,8.349602179959543236e+00,6.597279434822651112e+00,4.760901023785344854e+00,2.883148793946632704e+00,1.044621091990129091e+00,-6.139565953276827637e-01,-2.068479574597786197e+00,-3.655975032990496754e+00,-4.822674760285586615e+00,-5.922476091175584934e+00
9.595073116390894441e+00,8.275363530024270275e+00,6.539081373508562223e+00,4.713876586036359839e+00,2.834614422531415379e+00,9.995173722480185097e-01,-6.377983454170677025e-01,-2.051237473896271535e+00,-3.549207528042794380e+00,-4.593495797161729399e+00,-5.534670439859468161e+00
9.287068180501304226e+00,7.977258731055878904e+00,6.266242126347938424e+00,4.481823571605696443e+00,2.664229070480791606e+00,9.119423757325382240e-01,-6.252869927357626034e-01,-1.944456930721460974e+00,-3.321328043198763513e+00,-4.245688191016403934e+00,-5.051407270950325490e+00
8.885034469065187679e+00,7.580520133258493054e+00,5.898824140142143513e+00,4.175156170691434632e+00,2.450833640435790439e+00,8.049363207124337061e-01,-6.030678705422481967e-01,-1.792320018522349789e+00,-3.033842342254703617e+00,-3.885348427791103454e+00,-4.627016163775286905e+00
8.715607828727092610e+00,7.415861620212701233e+00,5.742500272296274133e+00,4.029903839134314936e+00,2.326573335121285169e+00,7.171821026966709312e-01,-6.287223631006257918e-01,-1.718318271834026856e+00,-2.810053604402293459e+00,-3.549588819249078320e+00,-4.233019013309812451e+00
8.547198952878524381e+00,7.264968520314580402e+00,5.609963492329438139e+00,3.906847578169534874e+00,2.220786988814141161e+00,6.421966334995888870e-01,-6.485631988114948232e-01,-1.669145785111551872e+00,-2.629335021509278114e+00,-3.200329471600725117e+00,-3.663775574166242333e+00
8.257901992575261474e+00,6.978010704267252784e+00,5.333452733015361602e+00,3.662133022415288597e+00,2.040425584265983971e+00,5.526971755422238619e-01,-6.275761207960596222e-01,-1.543812400654462458e+00,-2.402362310852244498e+00,-2.914382239643763750e+00,-3.328895110193064166e+00
7.719671390815232570e+00,6.470281236178688999e+00,4.884209696384723465e+00,3.299388447067762353e+00,1.796587026356585293e+00,4.499210019947718631e-01,-5.730919105217484599e-01,-1.351440902575234748e+00,-2.116627137040056894e+00,-2.645124652101729090e+00,-3.146530252993548604e+00
7.366968491359060955e+00,6.146865232927876121e+00,4.601421278895935885e+00,3.073007355326081047e+00,1.651794457140392414e+00,3.967812847926511788e-01,-5.428069123299157361e-01,-1.250979715575189388e+00,-1.944564266410115927e+00,-2.431294830477556790e+00,-2.899149629912662451e+00
6.960174048970878324e+00,5.773234230492126251e+00,4.302812257115232519e+00,2.866288605224874164e+00,1.538531883389096855e+00,3.821273357363122458e-01,-4.942875877113613314e-01,-1.167766370520064489e+00,-1.845178340303449405e+00,-2.315106692160028956e+00,-2.737219083916857976e+00
6.640628541334812063e+00,5.464687294628759240e+00,4.040833728150809989e+00,2.664511305056227464e+00,1.400779636542646811e+00,3.228251260623979380e-01,-4.677547594047123392e-01,-1.065671553172484298e+00,-1.674623728229523545e+00,-2.125257241350638537e+00,-2.559735674545569051e+00
6.475444129050398345e+00,5.287988712274766634e+00,3.858420918917485398e+00,2.490352043312831665e+00,1.259691166281035501e+00,2.381148846263483054e-01,-4.677943879731572552e-01,-9.767781189389583840e-01,-1.473186659857749214e+00,-1.836447155678575083e+00,-2.190660544860911330e+00
5.931880184533751432e+00,4.784436946397191193e+00,3.409528707573707518e+00,2.119481131181919942e+00,1.007424617843405423e+00,1.272864789696711019e-01,-4.467962121359860816e-01,-8.285105575829748714e-01,-1.137139932776459750e+00,-1.289975653580342163e+00,-1.403548968933421959e+00
5.780625567508346663e+00,4.655719227358604329e+00,3.297949866518282036e+00,2.016077027364525431e+00,9.186413028804688574e-01,6.826614932590846507e-02,-4.418612047204152904e-01,-7.700060170155386130e-01,-1.017697630984437218e+00,-1.109027836720729354e+00,-1.133231874264540862e+00
5.840666015303391134e+00,4.715722174810206724e+00,3.362607247929973564e+00,2.073595501798666696e+00,9.664252035760049209e-01,9.602055356122472796e-02,-4.172008529507218455e-01,-7.683336326195062682e-01,-1.117111936342413570e+00,-1.371552702908041432e+00,-1.618321814440184303e+00
6.010461719470244546e+00,4.887369178111841350e+00,3.550253457461777007e+00,2.283931843755306446e+00,1.174901124074943404e+00,2.614836579755372981e-01,-3.665257691540071416e-01,-8.814619591410531863e-01,-1.486370238146299094e+00,-1.979207369035650865e+00,-2.464788241846676886e+00
6.459942394073292959e+00,5.340882974650734916e+00,4.009360021088016701e+00,2.733339166634029649e+00,1.557618090128163768e+00,5.043758976066253785e-01,-3.561944882221327324e-01,-1.135461806113195138e+00,-2.045000529273610201e+00,-2.728619952014296413e+00,-3.361844592534171117e+00
6.922197685058124605e+00,5.794530416466779243e+00,4.431875646150292170e+00,3.098459916347081844e+00,1.823895368798728933e+00,6.329952981669767498e-01,-3.937480092975709223e-01,-1.322930286733758010e+00,-2.371075715121073291e+00,-3.136897048141012334e+00,-3.850484333571684736e+00
6.911312907107805437e+00,5.785798196918455538e+00,4.418795290988443369e+00,3.079195311507256339e+00,1.800768712567161423e+00,6.143246153624557504e-01,-4.031976324023815450e-01,-1.314783592566740378e+00,-2.323559090015198780e+00,-3.058587362057371362e+00,-3.761939198836233178e+00
6.543632887330141479e+00,5.426505657882437994e+00,4.086325126192623891e+00,2.791582869704841041e+00,1.578324082246901350e+00,4.824580351527990585e-01,-4.141217919035261597e-01,-1.175209988815226980e+00,-1.982804828340136938e+00,-2.543120815735115059e+00,-3.063196658560727315e+00
6.043919526361929861e+00,4.936144771073238680e+00,3.615925653944757290e+00,2.359256560738260067e+00,1.228653554449316676e+00,2.647648427319984066e-01,-4.404084138308312357e-01,-9.611334169501222213e-01,-1.440516141492209634e+00,-1.719725270749880464e+00,-1.942526244459356732e+00
5.686510172535721885e+00,4.570018050927017406e+00,3.264937342160767475e+00,2.042316166507503361e+00,9.716672079850280364e-01,1.141323635975294154e-01,-4.385006610355459689e-01,-7.947067689022553338e-01,-1.075523758155703113e+00,-1.207937281362150950e+00,-1.301014926803209848e+00
5.639715483081753078e+00,4.521401316089555422e+00,3.206070529469413621e+00,1.969280597825155299e+00,8.903716682193522081e-01,4.403863315258184363e-02,-4.614471404943415456e-01,-7.485052796392719365e-01,-9.302194993204990769e-01,-9.714711341596506955e-01,-9.493924020326340862e-01
5.678726039291404959e+00,4.558377530217025075e+00,3.245555488987819537e+00,2.006627280863535034e+00,9.122964077183493004e-01,3.703848073798655938e-02,-5.005120816021517705e-01,-7.809327837221541335e-01,-8.956075022308743749e-01,-8.430704937486449557e-01,-7.441475740716397835e-01
5.804947853153608506e+00,4.695329241860410896e+00,3.382184415782738096e+00,2.129822614566107664e+00,1.002038127492566932e+00,6.876025854234982249e-02,-5.420557684827990164e-01,-8.522134996221903958e-01,-9.551631369546647043e-01,-8.692720103137596688e-01,-7.364641130007313352e-01
5.924722135848355720e+00,4.810126336971732641e+00,3.492987078856336858e+00,2.234974091071184610e+00,1.082487880097956712e+00,1.076173428408297300e-01,-5.579568796949915255e-01,-9.136101433919027182e-01,-1.041476285603843088e+00,-9.566881600240243477e-01,-8.139471725448009787e-01
5.978805634481843434e+00,4.849805006454813494e+00,3.533040315756036609e+00,2.286780581954738434e+00,1.139180704072084493e+00,1.558071725093510551e-01,-5.383596195764874803e-01,-9.521156337297516092e-01,-1.146328982797933049e+00,-1.107789119133845368e+00,-9.824822387772762511e-01
6.220405012630225272e+00,5.076834890362470709e+00,3.732805996360078815e+00,2.454039430556252288e+00,1.266229742785982326e+00,2.337741496010545816e-01,-5.285519906885857155e-01,-1.035202014233796097e+00,-1.355800338877930722e+00,-1.399681812070936004e+00,-1.352335561327789648e+00
6.629020761659996097e+00,5.455950310213447452e+00,4.039391796696643055e+00,2.659017764751927082e+00,1.378467955706808912e+00,2.758651277687259595e-01,-5.431129490281259020e-01,-1.108924598388922877e+00,-1.529926525461842379e+00,-1.665760171561109892e+00,-1.705454576235010178e+00
6.677252926338436367e+00,5.486531300445156134e+00,4.048838998732568584e+00,2.646388499921149329e+00,1.358998154206639830e+00,2.697896270282651998e-01,-5.137786396454995241e-01,-1.066172790064829901e+00,-1.555817299726275804e+00,-1.836604315961071654e+00,-2.078531759288951175e+00
6.417386016601964727e+00,5.243850681910793732e+00,3.819415071737351397e+00,2.448681633449955708e+00,1.212289720917555824e+00,1.814252424467091007e-01,-5.034326434663699557e-01,-9.557533499833384960e-01,-1.350270930771557021e+00,-1.584631503821974485e+00,-1.780655727077264050e+00
6.128911958290074402e+00,4.967409314770377726e+00,3.576627596756936978e+00,2.244416389671873180e+00,1.055020888555257663e+00,8.288554806578561640e-02,-5.104529246448054058e-01,-8.534184368048867153e-01,-1.106187383642622590e+00,-1.212247954512631676e+00,-1.255817379518176624e+00
