1.042018453830998892e+00,9.996569189732950056e-01,9.998783364997980705e-01,1.000079586527222952e+00,9.998832878773232791e-01,9.999786747338800241e-01,1.000041998017545453e+00,9.999842312400877287e-01,1.000024561872400186e+00,9.998297463340709568e-01,9.987949357669575479e-01
1.043136121225929580e+00,9.994805396688390964e-01,9.999039115745125272e-01,9.999475197702979434e-01,1.000002438346398126e+00,9.999721970035000407e-01,9.999739802281540912e-01,1.000078509928043369e+00,9.999721915129650140e-01,9.998040091238370453e-01,9.984587895834857729e-01
1.046556365275658429e+00,9.995345487216202862e-01,9.998878015678738240e-01,9.998357717914417853e-01,1.000007275676051410e+00,1.000004074945195498e+00,9.999850592377093061e-01,1.000022861975973232e+00,1.000024609654338370e+00,9.997710553870471362e-01,9.986860310282893449e-01
1.050277675238496355e+00,9.996573950253905272e-01,9.997534257812131786e-01,1.000073546582767259e+00,9.998390843701830955e-01,1.000058098613995750e+00,1.000022722749012605e+00,9.999770166036050512e-01,9.999252279966199808e-01,9.999490893306254291e-01,9.991756006621308472e-01
1.052246072456159753e+00,9.996247190264754279e-01,9.997497370132668593e-01,1.000105185129982033e+00,9.998630960305737725e-01,1.000068792681805929e+00,1.000005292596211737e+00,9.999687985291053627e-01,9.999261381693513862e-01,9.998573472234495441e-01,9.995319951400245539e-01
1.049392003903945714e+00,9.998905422003946386e-01,9.997884592279997484e-01,1.000002432572859146e+00,1.000029705382745382e+00,1.000013099435815622e+00,1.000052118393930378e+00,9.998805538959876227e-01,9.999649797553183950e-01,9.997209055504794328e-01,9.999778117533347777e-01
1.047531116084633007e+00,1.000196099223115143e+00,9.998701098888328476e-01,9.998230156082299480e-01,1.000124476526426331e+00,1.000057213896096142e+00,9.999846468200054295e-01,9.999007267093659168e-01,9.998942556971183171e-01,9.998205107198119279e-01,9.999724912435912216e-01
1.048961955693010095e+00,1.000168695164201038e+00,9.999876656362627347e-01,9.997793607020464268e-01,1.000102261146784688e+00,1.000103122098443764e+00,9.999503217608994854e-01,9.999224893516059920e-01,9.998289495190322285e-01,9.998821404083161335e-01,9.998656850323269785e-01
1.052855106100647475e+00,1.000102982692641529e+00,9.998797931020466656e-01,9.999347369258330120e-01,1.000101808275587256e+00,1.000015442461942294e+00,1.000045173272467780e+00,9.998957500414115129e-01,9.998004614812388002e-01,9.998629946257824308e-01,9.996605394998840932e-01
1.056379996319541936e+00,1.000032968991285465e+00,9.999139237242247180e-01,9.999363302644173057e-01,1.000123934410448223e+00,9.999862577079987602e-01,1.000019449402084648e+00,9.999830232753011972e-01,9.997620450549504767e-01,9.997044198765138168e-01,9.997003543263404124e-01
1.055149378379508063e+00,1.000369107534931468e+00,9.998588050921946024e-01,9.999969743937076050e-01,1.000184155066695002e+00,1.000017375182988166e+00,9.999007779122556228e-01,1.000030167934141678e+00,9.997994816835251708e-01,9.995217455473169865e-01,1.000346130662302047e+00
1.054764740772711651e+00,1.000656493506078659e+00,9.998060503562795631e-01,1.000007415299364544e+00,1.000110576829927655e+00,1.000059361472186215e+00,9.998835549647571153e-01,1.000023103096251864e+00,9.997560215929609528e-01,9.997826331216015383e-01,1.000055909756884187e+00
1.057099326220468205e+00,1.000621734133568586e+00,9.996575250378714195e-01,1.000183746425664655e+00,1.000049368321644927e+00,9.999722389499262620e-01,9.998825170083061042e-01,1.000063991897891968e+00,9.998281494956229309e-01,9.998800218390496708e-01,1.000013577669041309e+00
1.058429410443504359e+00,1.000865288160588840e+00,9.996358496413644268e-01,1.000064050235210944e+00,1.000068194639757158e+00,9.998388671328624078e-01,1.000002943683268697e+00,1.000092213638304361e+00,9.997426297890780189e-01,1.000121623710928498e+00,9.992074752199300303e-01
1.057507270030001667e+00,1.001209346919218701e+00,9.997224250470340134e-01,9.999517716768685505e-01,9.999295372305876395e-01,9.998534340055742486e-01,1.000042542151126979e+00,1.000112637091739032e+00,9.998053384306000435e-01,9.999769942408351930e-01,9.991901834965949414e-01
1.056679978836600364e+00,1.000994302891590415e+00,1.000078952324851667e+00,9.997648450244690510e-01,9.997336794072780863e-01,9.999552391380855942e-01,1.000040435853205345e+00,1.000104995776185390e+00,9.998743864831675099e-01,9.998331073962832827e-01,1.000058559867943009e+00
1.057456744374377866e+00,1.001254501357810467e+00,9.999449247063801893e-01,9.996724979060692684e-01,9.997172229896914564e-01,9.999803500811420554e-01,1.000150393517137637e+00,9.999190270389685109e-01,9.999951529552731921e-01,9.998135121023925542e-01,1.000565269132807078e+00
1.061047033614263002e+00,1.001375007332697242e+00,9.995415916329802863e-01,9.996394223481194219e-01,9.997469927264240885e-01,1.000119499290742064e+00,1.000091729367670101e+00,9.999320712965920066e-01,9.998514907318374334e-01,1.000151209446576761e+00,9.992740653224593261e-01
1.061651946939438096e+00,1.001295499715739945e+00,9.994561589613797370e-01,9.995756006106660818e-01,9.998387321577645315e-01,1.000244026501704742e+00,9.999798101432832986e-01,9.999101513471086999e-01,9.998979076742933181e-01,1.000030195709210146e+00,9.991720097005174495e-01
1.061820160790396095e+00,1.001308030857010145e+00,9.995433335161977295e-01,9.996465998408868847e-01,9.998444641580547243e-01,1.000172154562554594e+00,9.999597550227007359e-01,9.999599818206829083e-01,9.999473597421234539e-01,9.997849548097451633e-01,1.000522327038466885e+00
1.058459380380773807e+00,1.002092679644023931e+00,9.996531444770360153e-01,9.996374897636125523e-01,9.998460085210747472e-01,1.000065979618879108e+00,9.999649333947099317e-01,1.000057269444088126e+00,9.998625999669057407e-01,9.998353430685786858e-01,1.000374498472788032e+00
1.059835755882660324e+00,1.003157461325861366e+00,9.998370899644030141e-01,9.995760454285473884e-01,9.997762133443781618e-01,9.999921243883168609e-01,1.000075059464661242e+00,1.000023469597501213e+00,9.997069599434994513e-01,1.000058693813846489e+00,1.000139024197023385e+00
1.063035196130835081e+00,1.003350506484133486e+00,1.000295801560890263e+00,9.994995878260583000e-01,9.998807008353065573e-01,9.999028732043501178e-01,9.999969623278807118e-01,1.000063924835703721e+00,9.997248282340279735e-01,9.999986787314106840e-01,1.000004419882783546e+00
1.063733376106371642e+00,1.003595555455098598e+00,1.000574074479331221e+00,9.997463217705144789e-01,9.999510618688333130e-01,9.998012115078418471e-01,9.999869594816039875e-01,1.000076913189720695e+00,9.996039867258301737e-01,9.999187150294761572e-01,1.000408528938717678e+00
1.063553548903825696e+00,1.003780676994663557e+00,1.000729047717090259e+00,1.000036288596636069e+00,1.000018951039884030e+00,9.996562761029257338e-01,1.000029018098878231e+00,9.999044435060283620e-01,9.997727859735179301e-01,9.999855343196493163e-01,1.000236016282954443e+00
1.060762187968881998e+00,1.003759227366163742e+00,1.001089571212705698e+00,1.000059051132433208e+00,1.000104722734628027e+00,9.996412232620776050e-01,9.999522782044810709e-01,9.997629184164894545e-01,9.998692325632899669e-01,1.000278048870748782e+00,1.000786247225880832e+00
1.062686852015486849e+00,1.003828070578818066e+00,1.001375928523480230e+00,1.000158438607984257e+00,9.999932716347950112e-01,9.998064883475992204e-01,9.997732191762426224e-01,9.996966549991270767e-01,9.999778196455607615e-01,1.000361492607262148e+00,1.000694297562922719e+00
1.065596165796312889e+00,1.004937489140650619e+00,1.001471316210891915e+00,1.000233440872884128e+00,9.998932535899408558e-01,9.998672186729223865e-01,9.996707692794795097e-01,9.996796755494075093e-01,9.999518610196970192e-01,1.000376784227831717e+00,1.002536574951572224e+00
1.068433312328838980e+00,1.005674449546823057e+00,1.001846300327514871e+00,1.000269957250398800e+00,9.997716085230833327e-01,9.998532725102922125e-01,9.996237881982545925e-01,9.996589145261635112e-01,9.998393844640138806e-01,1.000754096428198459e+00,1.003801888001351950e+00
1.071520787791608642e+00,1.005791246912451475e+00,1.002195117803722946e+00,1.000333515945538210e+00,9.999032364652712390e-01,9.997582364230906959e-01,9.995006774915046188e-01,9.995676892812932479e-01,1.000024255440328913e+00,1.000948456540676546e+00,1.003976692025685624e+00
1.069968347419352428e+00,1.006170577503928687e+00,1.002347735574344201e+00,1.000621902963539034e+00,9.999504699368733096e-01,9.995783818704044865e-01,9.993890155788011098e-01,9.996589680890648477e-01,1.000079465683173519e+00,1.001265874968018776e+00,1.002632650136999759e+00
1.067506628650755296e+00,1.006715945937786127e+00,1.002667674820570509e+00,1.000822976706415179e+00,9.999548158659681274e-01,9.995185148284557730e-01,9.992435924128629798e-01,9.996272340382247323e-01,1.000403937753261641e+00,1.000853586265649797e+00,1.003307670502507687e+00
1.072267818765159975e+00,1.007432265913086100e+00,1.003207586465545864e+00,1.000729934751843242e+00,9.997365811129867996e-01,9.996153661228988074e-01,9.990985761603986548e-01,9.996829967349312174e-01,1.000369327051409796e+00,1.001200787931894043e+00,1.001976812509493442e+00
1.073955866407536153e+00,1.008886138072882854e+00,1.003341531207097015e+00,1.000524418072276323e+00,9.998975234746266816e-01,9.993387028951713491e-01,9.992166503520406584e-01,9.995533331107046005e-01,1.000584193190505511e+00,1.001280400667303949e+00,1.001551791451200435e+00
1.076068683194461029e+00,1.010256428672027695e+00,1.003244760112385503e+00,1.000519264790135088e+00,9.997538977061719567e-01,9.993001017586280454e-01,9.992400378196710786e-01,9.995726951936572124e-01,1.000712096659509109e+00,1.001154637931929381e+00,1.000345620369564204e+00
1.079243125411493809e+00,1.010881605425212548e+00,1.003450137954082999e+00,1.000566631547960217e+00,9.995846102415194556e-01,9.992579323288267590e-01,9.992319093390715778e-01,9.998206151315270906e-01,1.000509829488939184e+00,1.000779884643676620e+00,1.000952570138142095e+00
1.078318307385981667e+00,1.011238244837016076e+00,1.003642837465484217e+00,1.000846131011034812e+00,9.995156341766440189e-01,9.989865538798547995e-01,9.993353659190098437e-01,1.000005237173539729e+00,1.000408581020491905e+00,1.000496920300950388e+00,1.001280232509857981e+00
1.077032134658183482e+00,1.011431257398870187e+00,1.004303198211765169e+00,1.000721125206906814e+00,9.994354819004461765e-01,9.988252830465916832e-01,9.994612569094923904e-01,1.000092568351460987e+00,1.000314869073717139e+00,1.000256296903598408e+00,1.001182456982045554e+00
1.076186305815143296e+00,1.011701734453826829e+00,1.005035983988004311e+00,1.000708463751984967e+00,9.990838291714579933e-01,9.988449519567872414e-01,9.995240616057895489e-01,1.000055185086513365e+00,1.000372371550198203e+00,1.000306368495896159e+00,1.000073889843790642e+00
1.077206490555340901e+00,1.011800191210431299e+00,1.005302758460223878e+00,1.000653382195394014e+00,9.989616657212724293e-01,9.990594569838108230e-01,9.992623129964363082e-01,1.000146540393749284e+00,1.000328035409242089e+00,1.000579117882111735e+00,9.997474323197063084e-01
1.080051156569954873e+00,1.012369934650541259e+00,1.005018639272032388e+00,1.000692134924339172e+00,9.990680320896414557e-01,9.990467492628307689e-01,9.993153652534543241e-01,9.998943599419392037e-01,1.000572872315337758e+00,1.000506275574671200e+00,1.000208926148865141e+00
1.081842534418758994e+00,1.012639876728752775e+00,1.005162194404336518e+00,1.000386352273552770e+00,9.992328013329581093e-01,9.989641885983956415e-01,9.994055342160350630e-01,9.997892127451389888e-01,1.000422694816250013e+00,1.000825900099824306e+00,1.002535828813497565e+00
1.082446692502295305e+00,1.013374381577215821e+00,1.005264850668863286e+00,1.000385942351564861e+00,9.991175615525870191e-01,9.989168629256360843e-01,9.993826022712299917e-01,9.998082491506254943e-01,1.000444735681278230e+00,1.001030089320981364e+00,1.003245156230345270e+00
1.084093799484152854e+00,1.014114191500659290e+00,1.005354503177725567e+00,1.000550854829538761e+00,9.988401801100939004e-01,9.988313236206853851e-01,9.993007524129644548e-01,1.000058729077516695e+00,1.000566677060662713e+00,1.000820350851029605e+00,1.001889444369155724e+00
1.086212694984779015e+00,1.014564540541127435e+00,1.005316944822324254e+00,1.000854107741557808e+00,9.985371593205588647e-01,9.985960993679107167e-01,9.993192579476758430e-01,1.000301714113627449e+00,1.000669525557841055e+00,1.001040559055082824e+00,9.998174864637568993e-01
1.085926235211666091e+00,1.015443841003878633e+00,1.005234660212042108e+00,1.000898409071096395e+00,9.984631185246902740e-01,9.983374316896647116e-01,9.995068063123654367e-01,1.000298827012047642e+00,1.000944111516991697e+00,1.000629293517863561e+00,9.989741334251831528e-01
1.089197003149945830e+00,1.015316689357998348e+00,1.005399512104337756e+00,1.000610546088874564e+00,9.986056013244549723e-01,9.983418450654926168e-01,9.994786556926698040e-01,1.000358345562709861e+00,1.001126821838592473e+00,9.998011460429809816e-01,9.985948361816697760e-01
1.090129288068101276e+00,1.015543130277884565e+00,1.005321884487527351e+00,1.000395402336406336e+00,9.988427543324218671e-01,9.985256722177239253e-01,9.993062861456029067e-01,1.000494133198018831e+00,1.000939733874268267e+00,9.993013049046193252e-01,9.984328729246042533e-01
1.090108252474351280e+00,1.015770329830989471e+00,1.004921423821555138e+00,1.000415907127941040e+00,9.990030385584218742e-01,9.986845758095140857e-01,9.993416684994936849e-01,1.000447761815229653e+00,1.000635944127931110e+00,9.992166423393946673e-01,9.978853445615895046e-01
1.088739597836399176e+00,1.015244407193677700e+00,1.004500855405510373e+00,1.000313524204202720e+00,9.993288528486924394e-01,9.987563218776085439e-01,9.994020211800339615e-01,1.000348972734199648e+00,1.000548291285481284e+00,9.989666425870687982e-01,9.974499390565058077e-01
1.087210798613511775e+00,1.014225071702212544e+00,1.004365862298914447e+00,1.000241656952904235e+00,9.994887783607707687e-01,9.990478559462085961e-01,9.994252553435761799e-01,1.000158528559127236e+00,1.000271822387301501e+00,9.991193381106303617e-01,9.970822902405453991e-01
1.080584418890572440e+00,1.013614466405745151e+00,1.004055714490277751e+00,1.000503483037153973e+00,9.995858090014971831e-01,9.992222737714753222e-01,9.996325100533641761e-01,9.998879382439378460e-01,9.998921351983253158e-01,9.992600229511803267e-01,9.976358193901369020e-01
1.079358242429433457e+00,1.012362158282182234e+00,1.003860784111739290e+00,1.000878794030018781e+00,9.995738053611727958e-01,9.994811019987641654e-01,9.999071620265816973e-01,9.996214529947833327e-01,9.993863081601078724e-01,9.990877541140283924e-01,9.981381330477925307e-01
1.082909216018740128e+00,1.011128434654820163e+00,1.003726123856151453e+00,1.000943037212052023e+00,9.996450392424013343e-01,9.997917056149198123e-01,9.999282753956753034e-01,9.994575031497588968e-01,9.991896236533593934e-01,9.987886762332756074e-01,9.984241130497250039e-01
1.081451516543722402e+00,1.010574829346499337e+00,1.003557148699555146e+00,1.000670539198703857e+00,9.998814497555209568e-01,9.999751285596018002e-01,9.997383297292663507e-01,9.995197697512183677e-01,9.990792671284942639e-01,9.989267110186993426e-01,9.983866132264198612e-01
1.078442436763191514e+00,1.009895210270147947e+00,1.003479228973352511e+00,1.000602449113981773e+00,9.999734541390266074e-01,9.999071545134766703e-01,9.997741568806467471e-01,9.994164883581810876e-01,9.992967938214459833e-01,9.990723126688781930e-01,9.982899140947513184e-01
1.074704689680402225e+00,1.009574749139690919e+00,1.003260854044939476e+00,1.000889975748850080e+00,9.997341614574922763e-01,9.999249191107891788e-01,9.997242466253234427e-01,9.994060337961226947e-01,9.993103614750693531e-01,9.997132460037979618e-01,1.000495470276087540e+00
1.076029463327790037e+00,1.008751483357917644e+00,1.003068496015515620e+00,1.000817494852259237e+00,9.998965871161907826e-01,9.996878333162876329e-01,9.995802068493809811e-01,9.995185685094771788e-01,9.996497680715674683e-01,1.000118591139510515e+00,1.001358207172757142e+00
1.073988765511529442e+00,1.008970942550917460e+00,1.002801097253321450e+00,1.000615128338190107e+00,9.998856178329247335e-01,9.994995094671761393e-01,9.994346897926306150e-01,9.996867012621954984e-01,9.999226435145841529e-01,1.000917302116421492e+00,1.000741776642100289e+00
1.073367294018291673e+00,1.009193638599072740e+00,1.002801084246022656e+00,1.000386879776967719e+00,9.995501107091914195e-01,9.995211667968818547e-01,9.995430399544162903e-01,9.996548064739494421e-01,1.000151574566081392e+00,1.000888969979203402e+00,1.001854792112861992e+00
1.073895114587277932e+00,1.008718366221581730e+00,1.002854208290178573e+00,1.000236261536449733e+00,9.995486734944203366e-01,9.995435236950299673e-01,9.996199848732315596e-01,9.996994814766954063e-01,1.000051238260923459e+00,1.000783461106075523e+00,1.001013929521326506e+00
1.071883666078158104e+00,1.008761660930710402e+00,1.002590582049081469e+00,1.000217475162596736e+00,9.997189627386476873e-01,9.995243049997826201e-01,9.995855724496244266e-01,9.997393786328456766e-01,1.000147607290557294e+00,1.000328737607768304e+00,1.001381411046193826e+00
1.069790740366357351e+00,1.008140785940269346e+00,1.002379003077049413e+00,1.000266293309381327e+00,9.998833519680572213e-01,9.995248295768300872e-01,9.996198682095449595e-01,9.997955490649704791e-01,1.000026741206085923e+00,1.000107846980659465e+00,1.000464044455398271e+00
1.071395679432775916e+00,1.007917872446313590e+00,1.002068794855940803e+00,1.000356624784918047e+00,9.999572527935836064e-01,9.995957803916704076e-01,9.995940182774464278e-01,9.998222540670496095e-01,9.999062229002882995e-01,1.000117933062385278e+00,9.999478974512534535e-01
1.076107334489748490e+00,1.007610836775863383e+00,1.002051474203478509e+00,1.000345991423749803e+00,1.000134719486308166e+00,9.995216007926652768e-01,9.995544609930948621e-01,9.997773480240840227e-01,1.000086680398479366e+00,9.999043519172349237e-01,1.000115506312365232e+00
1.074689172857600461e+00,1.008146294517563213e+00,1.001902722488872577e+00,1.000424585714434933e+00,1.000041821983979284e+00,9.996124590970025814e-01,9.995400186942644538e-01,9.996692983618055139e-01,1.000146831787482427e+00,9.999372552280623161e-01,1.001330430123554160e+00
1.074273711176597201e+00,1.008396696128666115e+00,1.002086143275778829e+00,1.000181400754142969e+00,9.998097895041380134e-01,9.996743150203881711e-01,9.997148857872963923e-01,9.997298122444959745e-01,9.998947346681456017e-01,9.999618781765332587e-01,1.000640971764102272e+00
1.074988835420360056e+00,1.008215823975431746e+00,1.002337291366536709e+00,1.000075980669167697e+00,9.995894206018877126e-01,9.996731107539010841e-01,9.998657739000185174e-01,9.997979949416080370e-01,9.996407955474974072e-01,1.000189971427058566e+00,1.000208395724280663e+00
1.073172969326168902e+00,1.008983000770934835e+00,1.002178359897958781e+00,1.000080069192128995e+00,9.993830641542295057e-01,9.996528378427439465e-01,9.999942334320990334e-01,9.998360067040839017e-01,9.997178871225302910e-01,9.997779777051001293e-01,1.000000974848445301e+00
1.071853416182758867e+00,1.009095182445619132e+00,1.002046656733195595e+00,9.999196245452548482e-01,9.994677120973674000e-01,9.996693098086604223e-01,9.998629537747937279e-01,1.000087745503610126e+00,9.997035187589525806e-01,9.994358193438626081e-01,9.989937901139965826e-01
1.073240055001962068e+00,1.008505211844674898e+00,1.001993746866584267e+00,9.997640898870192583e-01,9.996374910837921846e-01,9.996693867612097550e-01,9.997645629655217414e-01,1.000272363086788463e+00,9.996793581906820991e-01,9.992208951355628921e-01,9.973037884836044586e-01
1.074119811172350225e+00,1.007752223151709980e+00,1.001785374976991383e+00,9.999805334047289218e-01,9.994409646495130417e-01,9.996591085436197233e-01,1.000038815607833920e+00,1.000155013251313285e+00,9.996866760804783425e-01,9.988650083063231877e-01,9.979965479077248514e-01
1.076246929203118263e+00,1.006771493625458147e+00,1.001635061455072861e+00,1.000188180737080046e+00,9.993911857337188787e-01,9.997827735580185893e-01,1.000156521903080575e+00,9.999573154186688351e-01,9.997177693786414299e-01,9.987243708284389010e-01,9.973188727829034317e-01
1.074222253736592858e+00,1.006665124764341002e+00,1.001468204673840123e+00,9.997565259271496974e-01,9.997652782954904449e-01,9.998310004016461860e-01,1.000023219805617147e+00,1.000095791265620093e+00,9.995730676462084574e-01,9.986861802695564672e-01,9.969720528128414028e-01
1.075315276980879364e+00,1.006322233888310214e+00,1.000956540794846639e+00,9.998818086302639907e-01,1.000028172685983874e+00,9.998565889243063998e-01,1.000083413532217413e+00,1.000043193753472615e+00,9.993813493543389770e-01,9.983152951741014469e-01,9.994202065307649097e-01
1.073499702793802468e+00,1.005566600966208313e+00,1.000915589044292675e+00,1.000155169725992943e+00,1.000063344907384799e+00,9.999814166744351862e-01,1.000056754145308924e+00,1.000044110927055252e+00,9.990213727000191168e-01,9.986978676797584331e-01,9.986016463853693015e-01
1.071010919456897525e+00,1.004916416359649345e+00,1.001606897964597787e+00,9.998607880541764414e-01,1.000122231208250723e+00,1.000020893946913958e+00,1.000114969362043693e+00,9.999660099420424331e-01,9.989778691587040127e-01,9.985060434144834574e-01,9.984484671692414048e-01
1.068672322575997979e+00,1.005293477868246965e+00,1.001541954565933201e+00,1.000092879435772186e+00,9.998299825036781607e-01,1.000215454387111791e+00,1.000127758852412896e+00,9.998424002058915461e-01,9.989815318459034366e-01,9.986690181540015532e-01,9.976490466203226104e-01
1.069560633512935510e+00,1.005612288738416460e+00,1.001451224690334874e+00,1.000095507939927630e+00,9.998096780630510994e-01,1.000207399334335667e+00,1.000158341769087134e+00,9.997063133624295439e-01,9.990846247047592277e-01,9.988543031993222243e-01,9.985733388595114945e-01
1.070989546558938965e+00,1.005537492049818793e+00,1.001317492607674664e+00,1.000050702342109243e+00,9.999646023413281126e-01,1.000148303618544565e+00,1.000027374126938984e+00,9.996525631126129685e-01,9.992762684221938585e-01,9.992132889024413211e-01,9.996433240979347712e-01
1.071173615421010084e+00,1.005262860493993049e+00,1.001176952279106080e+00,9.998229344409358399e-01,1.000168672774262912e+00,1.000128238298153782e+00,9.998499473626671907e-01,9.996764827273993959e-01,9.995493867065333715e-01,9.993559092333702543e-01,9.993189299583770113e-01
1.073041689597816317e+00,1.004792545069812082e+00,1.000983640121567708e+00,9.998558323415167592e-01,1.000202076469414836e+00,1.000061863182659438e+00,9.997553730463687449e-01,9.997679601157831719e-01,9.996113622381663788e-01,9.997862369041915498e-01,9.988149179631973240e-01
1.068143163169320786e+00,1.004268814883066963e+00,1.000846867467757306e+00,1.000187740949641357e+00,1.000116772325920778e+00,9.998996144653554685e-01,9.998063846968474611e-01,9.998458889809997974e-01,9.995450075423395475e-01,1.000090166231644373e+00,1.000475922246731875e+00
1.065527968522194557e+00,1.004391795282393751e+00,1.000940152478908551e+00,1.000044313442380206e+00,1.000186237724829175e+00,9.997583930979550004e-01,9.998148004509731512e-01,9.999593809346525308e-01,9.995774696594823538e-01,9.999872008863190942e-01,1.000940312231442197e+00
1.066056304233715002e+00,1.004299433149767218e+00,1.001044461952860454e+00,1.000176323447531157e+00,1.000035023452648941e+00,9.997275391223454655e-01,9.997827197683687439e-01,9.998507068364943517e-01,1.000153108247695766e+00,9.993970802701129807e-01,1.001035373979619392e+00
1.068924246976259651e+00,1.004797167165111027e+00,1.000852794177255811e+00,1.000337458563550053e+00,1.000057228044098245e+00,9.995515384456828967e-01,9.996156266905676935e-01,1.000061655910569502e+00,1.000346917427534121e+00,9.994998404197508179e-01,9.997532806269242567e-01
1.069968244904980548e+00,1.004941853138058727e+00,1.001130682878395017e+00,1.000500345624395271e+00,9.998999263809694726e-01,9.994910176016661429e-01,9.995731958683204965e-01,1.000087786784805033e+00,1.000423980537057833e+00,9.996083165955724770e-01,1.000146521279846601e+00
1.073399446053540762e+00,1.005135170751233487e+00,1.001437451004748125e+00,1.000728700295139717e+00,9.997091998016091052e-01,9.994124263783221718e-01,9.996083513017647304e-01,1.000128097542069883e+00,1.000278472250951234e+00,1.000019211933725671e+00,9.991020641372282407e-01
1.072041575870028352e+00,1.006439799639975208e+00,1.001584369188309953e+00,1.000805489595682385e+00,9.996283854114742518e-01,9.992966488616628062e-01,9.997014740522822684e-01,1.000144716413196022e+00,1.000074777845650909e+00,1.000292858092890924e+00,9.988557557445038038e-01
1.073058736063605689e+00,1.006897204115612121e+00,1.002008120637743804e+00,1.000708036054251293e+00,9.996251196613324952e-01,9.993069553888970225e-01,9.996971031651227246e-01,1.000010094128793492e+00,1.000114240611380545e+00,1.000255590127202110e+00,1.000619761476307046e+00
1.072429339256405267e+00,1.007141407669223332e+00,1.002294874595174301e+00,1.000721928153074369e+00,9.997605504779697450e-01,9.993999321715698603e-01,9.994911428793373798e-01,9.998799416608786794e-01,1.000221213738529347e+00,1.000486200621088839e+00,1.000972015172993723e+00
1.070113595606959622e+00,1.006941375817087092e+00,1.002466441746789005e+00,1.000808024233640570e+00,9.999284495428307773e-01,9.993981525159042478e-01,9.993368322543590976e-01,9.998907571809705352e-01,1.000268961072865004e+00,1.000520996040060506e+00,1.000494281310593037e+00
1.071310750616940144e+00,1.006779621804743119e+00,1.002692812960260360e+00,1.000721507061792082e+00,1.000046549490221759e+00,9.993965006216962710e-01,9.992435089947970805e-01,1.000000183809694798e+00,1.000291102576462920e+00,1.000303400910419693e+00,9.979543108390772632e-01
1.070221421239794690e+00,1.007264717913793461e+00,1.002531274277670192e+00,1.000767479541132321e+00,9.999256732611069287e-01,9.994983975561998468e-01,9.993872499981226731e-01,9.999284859922831226e-01,1.000324188031307848e+00,9.995315702166744920e-01,9.982122327472315870e-01
1.072657800609607248e+00,1.007103774701086030e+00,1.002497873507995241e+00,1.000869798698216684e+00,9.997762683603219624e-01,9.996952847056012059e-01,9.994710550111103320e-01,9.997837515009273535e-01,1.000174956059955989e+00,9.995104610169259773e-01,9.983686728682126255e-01
1.071464431893797142e+00,1.007662131733605859e+00,1.002650932320798827e+00,1.000976213125100767e+00,9.998800468189665835e-01,9.996433810303571033e-01,9.994709588747544560e-01,9.997750820513175984e-01,1.000125129957669889e+00,9.991242704703157118e-01,9.992963001621115726e-01
1.069104640094084457e+00,1.008211629204529114e+00,1.003185164638727089e+00,1.001034452145661557e+00,9.999234844205502348e-01,9.994845100022460294e-01,9.994974659676260087e-01,9.997771893142141097e-01,9.998878909260289216e-01,9.996993173890494910e-01,9.987704000857791087e-01
1.072318029009511120e+00,1.008489732561656638e+00,1.003731718737107981e+00,1.001286724915072313e+00,9.998981439667113946e-01,9.993735272548435189e-01,9.994831521335614255e-01,9.995164587079051755e-01,1.000256819466736724e+00,9.996008174627047937e-01,9.993711234402244958e-01
1.073960932138819713e+00,1.009072197774797619e+00,1.003928594245349970e+00,1.001428476330960216e+00,9.999726550284363524e-01,9.992315584205755385e-01,9.992961928051518061e-01,9.996950994936807389e-01,1.000103549918982981e+00,1.000077119092604994e+00,1.000279714717961399e+00
1.074415579150602040e+00,1.009982273998498492e+00,1.004062677496109002e+00,1.001580127488187255e+00,9.997378147755381361e-01,9.992089689776813000e-01,9.992532412347424620e-01,9.997225566928702456e-01,1.000092272017663708e+00,1.000479571730403805e+00,1.000217358726158912e+00
1.075802351410801938e+00,1.010420932923625781e+00,1.004370058263009291e+00,1.001403218070929135e+00,9.994928472455039126e-01,9.991963387805937735e-01,9.992419041728999307e-01,9.996817576437491137e-01,1.000464012094864019e+00,1.000305568142172863e+00,1.000521378362341451e+00
1.074056512704701705e+00,1.011040007569724564e+00,1.004575833506047733e+00,1.001093361003193349e+00,9.994121629111820670e-01,9.990269423941698923e-01,9.992487798055152970e-01,9.998881125934878655e-01,1.000444578559824604e+00,1.000543241915547110e+00,1.000649925533970697e+00
1.073893682532018889e+00,1.011403964033292358e+00,1.004512687941791826e+00,1.000944684816310160e+00,9.992364799574730005e-01,9.989239759691167508e-01,9.993315776047096977e-01,9.998884543713068007e-01,1.000514401368306050e+00,1.000990269974787905e+00,1.001915497929611210e+00
1.076560651037452132e+00,1.011628185986860329e+00,1.004327353311839088e+00,1.000894333773243439e+00,9.990029156055230120e-01,9.989119201280776128e-01,9.993212453373545578e-01,9.999724613581887356e-01,1.000816197642290017e+00,1.000831709017250715e+00,1.000630873900224760e+00
1.076236431962150464e+00,1.011302759823760500e+00,1.004463124814422237e+00,1.000575263054085395e+00,9.989283137060551709e-01,9.988837697326913290e-01,9.993561954215874898e-01,1.000064457615392088e+00,1.000794275524877763e+00,1.001241594632872323e+00,9.987594870891152166e-01
1.076302763779258820e+00,1.011571446163967991e+00,1.004199101439072539e+00,1.000266451986975502e+00,9.988721760921913662e-01,9.989183698952467383e-01,9.994617514372321487e-01,1.000006126855433441e+00,1.000883192654343112e+00,1.001290548510512579e+00,9.986549863011457973e-01
1.079143273192032293e+00,1.011698283570715784e+00,1.003467876735413045e+00,1.000225200571156714e+00,9.988335019976503082e-01,9.989315694453467787e-01,9.996353162282340943e-01,1.000008314270438348e+00,1.000705014375230295e+00,1.001247108193953572e+00,1.001160200670644818e+00
1.082447931878843583e+00,1.011427522925645750e+00,1.003073923238489984e+00,9.998999693398191724e-01,9.988926459041822525e-01,9.989312366129533549e-01,9.996208083517732490e-01,1.000226271957979085e+00,1.000665533481743363e+00,1.001112344244692975e+00,1.000546263752569942e+00
1.083155360772633413e+00,1.011191889036852531e+00,1.003157277578122342e+00,9.993703716619060096e-01,9.990535873539094780e-01,9.988919875391170100e-01,9.997137263852350353e-01,1.000075705441461071e+00,1.000980027389340332e+00,1.000919233444619305e+00,9.999780338611241604e-01
1.079074341599764342e+00,1.011399238173467774e+00,1.002892506301205522e+00,9.997071227564453544e-01,9.987389235913777252e-01,9.991583290310367405e-01,9.995979648013334495e-01,1.000069404887846902e+00,1.000881022701453515e+00,1.001265154468968133e+00,9.998798787259364218e-01
1.079338800335927662e+00,1.011076108548411012e+00,1.002781432025516395e+00,9.996091045998137803e-01,9.987861626105379864e-01,9.992351525487572772e-01,9.996529653241915669e-01,9.999950896003917400e-01,1.000782030638133646e+00,1.001366889070548938e+00,1.000022886809075251e+00
1.080769756470263632e+00,1.010710653118628066e+00,1.002312225618301467e+00,9.996280221209976613e-01,9.988727354131653469e-01,9.992872393082600224e-01,9.997789552702123217e-01,9.998929498213366962e-01,1.000680007129524096e+00,1.001391134974348063e+00,9.999314846013815927e-01
1.079933058977415650e+00,1.009743228930837011e+00,1.002084906060126901e+00,9.997615244290756209e-01,9.990120149945049821e-01,9.993391292372870716e-01,9.996686308605238214e-01,9.999542859344816570e-01,1.000657359807204827e+00,1.001341147272209797e+00,1.000217437611761184e+00
1.078036484990557264e+00,1.008643874027035592e+00,1.002325535255290667e+00,9.998184045068821968e-01,9.992020172182741744e-01,9.993004800395025589e-01,9.995640509221326298e-01,9.999505116139857375e-01,1.000695691730127290e+00,1.001362200387071688e+00,1.001309849741428781e+00
1.073985177787326606e+00,1.007805138596173045e+00,1.002479465846678686e+00,9.999923844449425392e-01,9.994658457567084930e-01,9.992753342136077022e-01,9.993328196419197784e-01,1.000073286883469414e+00,1.000665970684122552e+00,1.001562259899339891e+00,9.994333082558100045e-01
1.072698792936530143e+00,1.007360854662783023e+00,1.002456197612205502e+00,1.000237981042627400e+00,9.996295596933728600e-01,9.992214076666889877e-01,9.994712661124655062e-01,9.997984680619654840e-01,1.000815497484628169e+00,1.001229646442288956e+00,9.997592096629688285e-01
1.073040617749284831e+00,1.006675105234811518e+00,1.002702391996097786e+00,1.000368861269642418e+00,9.994932022833701302e-01,9.994168884296483757e-01,9.995971885668691881e-01,9.997182885247944961e-01,1.000554407983907268e+00,1.000816746600807106e+00,9.999012868296072165e-01
1.071777762752344376e+00,1.006464682696471602e+00,1.002625595645018963e+00,1.000562120570263280e+00,9.995093559127412597e-01,9.994276940588120439e-01,9.996502400352955675e-01,9.998631344963408996e-01,1.000249559868708671e+00,1.000465924717937938e+00,9.996701555116167537e-01
1.072763998720992262e+00,1.006330065149477981e+00,1.002662027849088311e+00,1.000577544736168223e+00,9.996219828556892617e-01,9.993129841802875779e-01,9.996664482912424043e-01,1.000005021962613094e+00,1.000349170989299763e+00,9.995370932307970913e-01,1.000316229996418560e+00
1.073117177161430291e+00,1.007553852951207585e+00,1.002823629316023979e+00,1.000324863718988100e+00,9.995632272722474454e-01,9.993283304189281013e-01,9.996924551615812282e-01,1.000075555209082534e+00,1.000178296617307172e+00,9.995242460316220434e-01,1.000323392721878424e+00
1.075534571396297823e+00,1.008846158607023424e+00,1.002548286943052647e+00,1.000454105950606687e+00,9.993960495218870976e-01,9.993008861786493169e-01,9.996885123212161384e-01,1.000186369168265088e+00,1.000078671711385425e+00,9.996321216748356164e-01,1.000360547377567189e+00
1.077253410768266084e+00,1.009289617760779523e+00,1.002539851203521737e+00,1.000482386434354609e+00,9.994348173583255113e-01,9.991988484372668067e-01,9.996847397422183867e-01,1.000167476062532756e+00,1.000111497804912819e+00,9.998603214836656594e-01,1.000566028559771281e+00
1.076635133548021095e+00,1.009599003868715705e+00,1.002723972135212582e+00,1.000278735662439189e+00,9.994965141430823818e-01,9.991769791376463594e-01,9.995711042607219321e-01,1.000027863660658101e+00,1.000445777313478057e+00,1.000199316339893008e+00,1.000618673683069337e+00
1.077392181645175029e+00,1.009424412021539652e+00,1.003099952530875250e+00,1.000196594597119404e+00,9.993744869140955833e-01,9.992056793738146592e-01,9.995737839428838756e-01,9.998807772897774226e-01,1.000589383059992121e+00,1.000461618663536001e+00,1.001288471716595074e+00
1.075408236843650611e+00,1.009783509647539823e+00,1.003083189186104285e+00,1.000263959272003955e+00,9.994017883727356333e-01,9.990983854339008374e-01,9.996367694158984074e-01,9.999243576165588454e-01,1.000414798096663338e+00,1.000785759537458519e+00,1.000563405097376179e+00
1.074217816407438963e+00,1.010031224885839629e+00,1.003144194187148175e+00,1.000291274166811517e+00,9.993816181065520166e-01,9.989703821299311670e-01,9.996187069161182048e-01,9.999250131923342888e-01,1.000736383344842606e+00,1.000540086055256905e+00,1.000574262273535853e+00
1.078225420077424168e+00,1.009356960160011196e+00,1.003372703037370917e+00,1.000497388916361308e+00,9.994956118278656154e-01,9.988671146468438566e-01,9.993838511838647465e-01,1.000182146935759908e+00,1.000586752986028172e+00,1.000827318188548309e+00,1.000735543611316780e+00
1.078148195931116771e+00,1.009540361839409206e+00,1.003369066402687970e+00,1.000718720973342357e+00,9.997055342667610089e-01,9.987162891240440876e-01,9.992331426027059038e-01,1.000267345452707124e+00,1.000650250479256265e+00,1.000783363836537987e+00,1.001402410495791928e+00
1.079678445710028800e+00,1.010255741923689277e+00,1.003590764285715364e+00,1.001017964302255647e+00,9.996207236858687395e-01,9.987335889508243136e-01,9.991483543825555591e-01,1.000271368537871686e+00,1.000686119437842247e+00,1.000516964983636736e+00,1.000955763210868099e+00
1.079607511939996600e+00,1.010970732026147623e+00,1.003818504281517088e+00,1.001181092990393706e+00,9.994566027445673795e-01,9.987885944241116087e-01,9.991440153808521796e-01,1.000366272737144957e+00,1.000646518262327866e+00,9.998008530722914955e-01,1.000797145400154742e+00
1.077643737879680153e+00,1.011185065085572932e+00,1.003930013796605625e+00,1.000792325494065382e+00,9.995501805764077652e-01,9.986580673218848903e-01,9.993846788465235997e-01,1.000502425148602104e+00,1.000369083397389725e+00,9.993747928429951299e-01,1.000803703440753978e+00
1.078051069551551944e+00,1.011246324996753820e+00,1.003801243146419830e+00,1.000439580031124098e+00,9.994625216715301574e-01,9.987083143628728843e-01,9.996462712811922113e-01,1.000503594205694347e+00,1.000155169452247250e+00,9.993174333603613846e-01,9.987828516447824212e-01
1.080513701971574037e+00,1.010653509926070726e+00,1.003431991046875638e+00,1.000447623093772442e+00,9.990457458866564000e-01,9.990388481793830433e-01,9.998464313933165259e-01,1.000364755900416291e+00,1.000014583765405529e+00,9.992025046550568890e-01,9.996441391801170750e-01
1.079063331140991622e+00,1.010288237569683556e+00,1.003123616556238717e+00,1.000142102012124168e+00,9.990387297152031332e-01,9.991111756791936083e-01,9.999136924750661182e-01,1.000449932983320078e+00,9.997939561386118834e-01,9.994894491808509196e-01,9.999940421470008278e-01
1.074120886166580302e+00,1.010390107441720753e+00,1.002909078970325440e+00,9.997429541632788519e-01,9.990983250345110145e-01,9.991580500957807365e-01,9.999356864425186231e-01,1.000444226162914063e+00,9.998014047747566524e-01,9.998665069938788008e-01,9.989772814733546280e-01
1.071774697137952259e+00,1.009936862537746949e+00,1.002585439205122775e+00,9.997073803417880766e-01,9.992056925132363210e-01,9.992587656876052993e-01,9.999234063869461009e-01,1.000287807128024342e+00,1.000092234856773343e+00,9.994450831403227653e-01,9.996772325289462469e-01
1.073371369374504614e+00,1.009430293364175224e+00,1.002286398419563351e+00,9.998333915037173059e-01,9.992563227093304024e-01,9.992971478940547714e-01,1.000030459369194435e+00,9.999906198528580870e-01,1.000335249664812798e+00,9.993782834902100731e-01,1.000252274737336133e+00
1.073840449557202481e+00,1.009071581680140550e+00,1.002066509690302754e+00,9.996645692993999521e-01,9.992057075074003425e-01,9.996141242005854854e-01,1.000007554481618044e+00,9.997713810987653993e-01,1.000293969145630291e+00,9.997567627207890606e-01,1.000228796216208860e+00
1.073858332263119886e+00,1.009264086784161130e+00,1.001864207303786669e+00,9.992009814382556421e-01,9.992729921141190186e-01,9.999713894326810459e-01,9.998525833877774938e-01,9.996297992775801111e-01,1.000196389229303984e+00,1.000413703431467738e+00,9.997471918352397457e-01
1.076844738236873766e+00,1.008652202938971731e+00,1.001588915927570822e+00,9.992324287907365932e-01,9.993700057761557565e-01,1.000047020456069191e+00,9.997854001484387521e-01,9.995741778725482085e-01,1.000115319930218183e+00,1.000737324198172296e+00,1.001668757963992240e+00
1.078172102425726475e+00,1.007698279415510045e+00,1.001445646183778182e+00,9.992668157079420688e-01,9.996891039965380976e-01,9.998866870373834814e-01,9.996748819206967562e-01,9.997296929024409584e-01,1.000021171565641076e+00,1.000987147460125515e+00,1.002093541536117627e+00
1.073506660626145193e+00,1.007448424059272929e+00,1.001166437658847830e+00,9.999168758124808987e-01,9.996395433345386383e-01,9.996701632478938171e-01,9.996410731245746195e-01,9.997399961816051395e-01,1.000331043444480761e+00,1.000947759287723171e+00,1.002219428134500268e+00
1.075582361684828570e+00,1.006673902206300930e+00,1.001302899002301183e+00,1.000238766648541500e+00,9.996222519842812293e-01,9.994800805557249035e-01,9.996443648196933207e-01,9.998638907261008235e-01,1.000339332716501994e+00,1.000870415100167277e+00,1.002684564668895106e+00
1.076199185615172471e+00,1.006879064781556199e+00,1.001487695874497375e+00,1.000200699126361004e+00,9.995111744430822398e-01,9.993598176903867314e-01,9.997695808628460634e-01,9.999699286130591114e-01,1.000233714544437991e+00,1.000649277510574864e+00,1.003448841538088221e+00
1.072246426671768393e+00,1.008540774455564559e+00,1.001711749144245100e+00,9.998990949912970327e-01,9.995202764349341296e-01,9.992495223304378449e-01,9.997213084429305008e-01,1.000103674896184458e+00,1.000362559115467898e+00,1.000398065795337743e+00,1.002396325498181806e+00
1.072576454423297188e+00,1.009832210551637521e+00,1.002069003886765231e+00,9.995665720546416111e-01,9.995414006363384507e-01,9.992085364751682741e-01,9.997003868324554343e-01,1.000024462825789495e+00,1.000722005612149301e+00,1.000092531947931906e+00,9.998045861230944187e-01
1.080660416394110923e+00,1.010439783767738131e+00,1.002399716552889952e+00,9.995781946236321769e-01,9.992709916044469898e-01,9.994730974575496418e-01,9.995670536813658913e-01,9.999494674324135302e-01,1.000575694990013309e+00,1.000544349163706714e+00,9.994937948691570151e-01
1.084256546093189000e+00,1.011840367034806398e+00,1.002421091168851586e+00,9.998814191872488211e-01,9.991653498335429928e-01,9.994659704970680902e-01,9.994485237629263663e-01,1.000008265213665037e+00,1.000295724645696049e+00,1.001083525080480818e+00,1.000793602725185805e+00
1.085360821797129116e+00,1.013081128536958975e+00,1.002629142454633415e+00,1.000305765667992564e+00,9.990471804434654102e-01,9.991072577431985291e-01,9.995890821557077421e-01,1.000126782613364851e+00,1.000170354321778809e+00,1.001070999777325499e+00,1.001365463372383635e+00
1.082503313496787190e+00,1.013414828329717077e+00,1.003531555929355390e+00,1.000347825313008476e+00,9.987605418598425322e-01,9.990270162241537966e-01,9.998243647185739436e-01,1.000023588838564459e+00,1.000091380273017583e+00,1.000740333056687525e+00,1.002247768752973389e+00
1.083432603163857255e+00,1.013528091546896936e+00,1.004261871285768937e+00,1.000191851208223959e+00,9.986344654351513306e-01,9.991395888685334903e-01,9.997856778579303771e-01,1.000020998430834585e+00,9.999236561242116350e-01,1.000824734610275879e+00,1.001804720829335027e+00
1.082726943844079415e+00,1.014467898766823417e+00,1.004266790084946459e+00,1.000137318152461985e+00,9.988715270748389496e-01,9.991291704130879081e-01,9.997059077314992548e-01,9.999967087009439259e-01,1.000084352481646732e+00,1.000268848758007811e+00,1.000100320133233911e+00
1.084059305946403651e+00,1.014831001665345012e+00,1.004256213335404047e+00,1.000254037005306573e+00,9.990840665283265976e-01,9.992460180808206971e-01,9.995067354707440899e-01,9.999488892572145904e-01,1.000165710658046603e+00,9.998225138577309101e-01,1.000568413793276434e+00
1.084881530710095410e+00,1.014733880233364083e+00,1.004468724017564707e+00,1.000300247050061930e+00,9.992362774769465439e-01,9.992089673360776692e-01,9.993841274581501954e-01,1.000092815092756160e+00,9.998299164629048663e-01,1.000221951342345816e+00,1.000881847535812552e+00
1.085943852644752239e+00,1.015068893081426449e+00,1.004555655752910504e+00,1.000633872126736934e+00,9.993371635229209016e-01,9.990489789546570520e-01,9.992996851453227469e-01,9.999947121247131365e-01,9.998232591121151147e-01,1.000736621595562426e+00,1.003911777959347829e+00
1.086077402835137207e+00,1.015269137626403362e+00,1.004900081259023414e+00,1.000445298703855235e+00,9.994031722979992427e-01,9.989366169165699860e-01,9.993147955589029019e-01,9.998010635928399337e-01,9.999239917255576815e-01,1.001352401581300233e+00,1.006163470387818171e+00
1.086856726578191212e+00,1.015277790925651846e+00,1.004858823570150328e+00,1.000495563415655376e+00,9.991395712721434785e-01,9.989769496459010023e-01,9.993862212513501264e-01,9.995755239104779921e-01,1.000069502507180408e+00,1.002269066288126620e+00,1.005374355021046107e+00
1.090852217681922198e+00,1.014936039779926524e+00,1.004252243093982866e+00,1.000532227303727151e+00,9.991829961191952547e-01,9.989397728321890435e-01,9.993014802157622611e-01,9.996606924888945533e-01,1.000313921978181142e+00,1.002382244266597278e+00,1.003834016989322286e+00
1.089236532389906031e+00,1.014787994727590625e+00,1.003946627734736419e+00,1.000246476472841817e+00,9.992980871024790268e-01,9.989578354362235180e-01,9.992542966297378593e-01,9.996523977359446089e-01,1.000497151081480851e+00,1.002376820707677529e+00,1.004749101649906828e+00
1.085179488744022924e+00,1.014419619646417914e+00,1.003804396480751926e+00,9.999431442688883065e-01,9.992672495877968908e-01,9.990360461668663650e-01,9.993227405144073927e-01,9.995524812878049392e-01,1.000601848910648961e+00,1.002373721400654727e+00,1.006863894189364617e+00
1.084453822747531104e+00,1.013537133121896749e+00,1.003400212854387297e+00,1.000261940179496545e+00,9.991483517202934816e-01,9.991428678137478370e-01,9.992953695147647197e-01,9.995321264459253729e-01,1.000568622270116892e+00,1.002709960095647945e+00,1.006716298155333478e+00
1.081216850091151649e+00,1.012445195356927119e+00,1.003445350004803505e+00,1.000477726115017729e+00,9.992827781904771722e-01,9.990974728542989514e-01,9.992207172599968379e-01,9.995535111772988479e-01,1.000632492747927094e+00,1.002695405023798614e+00,1.006279364218554573e+00
1.079112679628678961e+00,1.011675844297061921e+00,1.004048130088829760e+00,1.000479067730786875e+00,9.993551543469891829e-01,9.990721095582885125e-01,9.991313169550334328e-01,9.995035329704684557e-01,1.001024717190758251e+00,1.002140797754326407e+00,1.004070162898336838e+00
1.077809974216406674e+00,1.011811702264589163e+00,1.004208061895513815e+00,1.000611258812277748e+00,9.993907540127661138e-01,9.990481663273642621e-01,9.990553660043202111e-01,9.995376485541322964e-01,1.001108717112551894e+00,1.001915989481181768e+00,1.003194486537431818e+00
1.077709594102665758e+00,1.011982659983645672e+00,1.003922255606776615e+00,1.000961599262397916e+00,9.992789471800247458e-01,9.990520440369204946e-01,9.990221537242459648e-01,9.998017137484951355e-01,1.000785634044772943e+00,1.001726732744853798e+00,1.003705546344553445e+00
1.077583529866500855e+00,1.011079229102560761e+00,1.004273716816260764e+00,1.000885174625310903e+00,9.995645017543378641e-01,9.988857218131160787e-01,9.989870597641233863e-01,9.999782870063516071e-01,1.000619629359519314e+00,1.001443811086896618e+00,1.004694796853654593e+00
1.077234442959238425e+00,1.010423716082372358e+00,1.004430227156961397e+00,1.001018108387540240e+00,9.996296229432857228e-01,9.989288543661287711e-01,9.988819990066752919e-01,9.999784963560415241e-01,1.000653666875743975e+00,1.001531285533475701e+00,1.003070749642259285e+00
1.075322313276407371e+00,1.010398229832041084e+00,1.004545529687685068e+00,1.001111904425744825e+00,9.993877774276942461e-01,9.990605877285526626e-01,9.990737634773912967e-01,9.996747832948024159e-01,1.000733427310164458e+00,1.001633284961447989e+00,1.002334638423316049e+00
1.075969602693554572e+00,1.010835367058379841e+00,1.004488565581188597e+00,1.001062090053380649e+00,9.994134882291582089e-01,9.990917503272294109e-01,9.990771734490627720e-01,9.996490341884742836e-01,1.000639933171365126e+00,1.001669448879079383e+00,1.003277299244847542e+00
1.077414233343752192e+00,1.011172494572903036e+00,1.004396923399153208e+00,1.000900010299296872e+00,9.994329412176955474e-01,9.991736678747635825e-01,9.990136313059373441e-01,9.995792699930724501e-01,1.000838881978276085e+00,1.001600824263750189e+00,1.002549038813972393e+00
1.079023686164672702e+00,1.011976851727897309e+00,1.004283862640230174e+00,1.001144941145211131e+00,9.994312541763552549e-01,9.989656758216916010e-01,9.990373415466955453e-01,9.996475908771708108e-01,1.000886901880889468e+00,1.001615148761790364e+00,1.002247762741112602e+00
1.082402057871398871e+00,1.012573268517054981e+00,1.004871855273228087e+00,1.001194584779059760e+00,9.994643076224973832e-01,9.985967853729234012e-01,9.990817881304031589e-01,9.998575981132433732e-01,1.000609599698859764e+00,1.001991626275161584e+00,1.003431057385755665e+00
1.083477611681449737e+00,1.013807270826342144e+00,1.005579575304483386e+00,1.001395043293930254e+00,9.992691177423469462e-01,9.984331007449267492e-01,9.990759967357888405e-01,9.998432252691012989e-01,1.000585088031374248e+00,1.002197272490629620e+00,1.004756630375462256e+00
1.086877917780359137e+00,1.014651160357565862e+00,1.005887310567151749e+00,1.001521159039565845e+00,9.991241725688831954e-01,9.984491901930110380e-01,9.989487680061982511e-01,9.998554667897624482e-01,1.000640328393067380e+00,1.002439242130945152e+00,1.003716297481352493e+00
1.085261287187241797e+00,1.015506060173522407e+00,1.006007596276164318e+00,1.001744179824321401e+00,9.994041695342917864e-01,9.981225427364922576e-01,9.988796436462513695e-01,9.999038483397233446e-01,1.000866412586612242e+00,1.002103197915275024e+00,1.003987349873033619e+00
1.084097325090849218e+00,1.015462946573015834e+00,1.006421584667963165e+00,1.001952162881594610e+00,9.994400538357262054e-01,9.980130469067159948e-01,9.987492519320895212e-01,9.999848671714144377e-01,1.000979457110551918e+00,1.002091167438092123e+00,1.002419642877271810e+00
1.082294379679059171e+00,1.015354962783805881e+00,1.006904775234929827e+00,1.002161111646745040e+00,9.994690555843267488e-01,9.978283765401353422e-01,9.987794349421516005e-01,1.000039206259719871e+00,1.001004067543490361e+00,1.001901682831938922e+00,1.001021328570908642e+00
1.082318429160180395e+00,1.015315761185482835e+00,1.007164982445540202e+00,1.002271164359433975e+00,9.992204691079610290e-01,9.978936950095083080e-01,9.988276991553478590e-01,1.000095257114288705e+00,1.001092123713390292e+00,1.001154052470053735e+00,1.000947732210767827e+00
1.083157532050642580e+00,1.015665691424960881e+00,1.006762749571465054e+00,1.002079399127659087e+00,9.990189985105673021e-01,9.981173552207373012e-01,9.989969964780429645e-01,1.000064910169120802e+00,1.000954395675471398e+00,1.000861959845162019e+00,9.997916452909363372e-01
1.085661913357365949e+00,1.015973312313660282e+00,1.006118847462610155e+00,1.001717415905856168e+00,9.989044748733876267e-01,9.982353454023572548e-01,9.992657643666624789e-01,1.000135699604868034e+00,1.000879052541360448e+00,1.000218662716404250e+00,9.970803209676383227e-01
1.084002904844852733e+00,1.015935163810014696e+00,1.005741228992465208e+00,1.001277708150785095e+00,9.988490024892835439e-01,9.983132873782476491e-01,9.995278831995092483e-01,1.000318710124584509e+00,1.000544091089680787e+00,9.996069902174106181e-01,9.967829142485300498e-01
1.083570189362060399e+00,1.014791403305999928e+00,1.005629954314856134e+00,1.001005998551645071e+00,9.987607371058044858e-01,9.985050043269965148e-01,9.997340434856750724e-01,1.000280437304459147e+00,1.000417616912739227e+00,9.990684613396306757e-01,9.968111506959258517e-01
1.082276489829249622e+00,1.014039478307678488e+00,1.005370151724996441e+00,1.000917447677578620e+00,9.986997766471242821e-01,9.986940654025011632e-01,9.997229127064668486e-01,1.000472023350980955e+00,1.000122669958581900e+00,9.989557286253781809e-01,9.956850830400966190e-01
1.081817451116528606e+00,1.013516507347108409e+00,1.004988897545691318e+00,1.000704613363641915e+00,9.989638129489445406e-01,9.988039808568873745e-01,9.996954864367701976e-01,1.000608917017723254e+00,9.998749362933851970e-01,9.986112339163627505e-01,9.953083861461352599e-01
1.082225058770009962e+00,1.013005640824592213e+00,1.004600453716891106e+00,1.000787914922487420e+00,9.993075627311340803e-01,9.989831135261805217e-01,9.997091090224694554e-01,1.000189914984577433e+00,9.998696130112685321e-01,9.989270156043343896e-01,9.957674870748769447e-01
1.079485058871505032e+00,1.012556995407807303e+00,1.004567574577823974e+00,1.000789512614346011e+00,9.997512828246613026e-01,9.990905261226041834e-01,9.995078510467564348e-01,9.997792661351484478e-01,1.000184418495566829e+00,9.993241703599703429e-01,9.968777360703808821e-01
1.077368749932022141e+00,1.012602306353007409e+00,1.004330747253338263e+00,1.001464386859880262e+00,1.000043414209235149e+00,9.991180628270429631e-01,9.991035408494836068e-01,9.996925451284087716e-01,1.000261145620902292e+00,9.998163246680767946e-01,9.991184205361073323e-01
1.079425482521637392e+00,1.012889321709443458e+00,1.004649364369622377e+00,1.002060762750788703e+00,1.000072135409111773e+00,9.989294621741474645e-01,9.990439379850084567e-01,9.995694843795080997e-01,1.000169377997419007e+00,1.000560191480538652e+00,9.999464384976474163e-01
1.082555082401074564e+00,1.013270140032097588e+00,1.005520727382111845e+00,1.002333508406089146e+00,9.997149722459057752e-01,9.989319672606346012e-01,9.989816282730480390e-01,9.996048251270297502e-01,1.000081848153005382e+00,1.000624415088869901e+00,1.001154987197349744e+00
1.082227775789461388e+00,1.014449691438331635e+00,1.006317082593797707e+00,1.001792398343084534e+00,9.993738905534970129e-01,9.990275163011150816e-01,9.989245272011660903e-01,9.998109753756629914e-01,9.999948803220900517e-01,1.000429053065261087e+00,1.001845251805165926e+00
1.084287438963944084e+00,1.015355723802423116e+00,1.006544245472941634e+00,1.001143893275839858e+00,9.991410764870204408e-01,9.988667963097057623e-01,9.992735259357109490e-01,9.999180134763809846e-01,9.999773532151130517e-01,1.000215096429644568e+00,9.995026340934414222e-01
1.083823774882239910e+00,1.016187893109931517e+00,1.006096181463089767e+00,1.000893055941828536e+00,9.989862554762338753e-01,9.985381018535771647e-01,9.996925147118769228e-01,1.000118884605781799e+00,9.999153434434613352e-01,9.999295740424858359e-01,9.978003864124264100e-01
1.082816056265719862e+00,1.015877439050925757e+00,1.005825688881019753e+00,1.000332038057936135e+00,9.988286189826820483e-01,9.985307557907203702e-01,9.999543171278554299e-01,1.000116725040443910e+00,1.000140376465501912e+00,9.994717447409208200e-01,9.978971673890976168e-01
1.082306622904430471e+00,1.015220772803517191e+00,1.005320167093277650e+00,9.998984366342090757e-01,9.986225827780842446e-01,9.987269149061825946e-01,9.999473881331996106e-01,1.000421364970186966e+00,9.999784920826081391e-01,9.994992830017982444e-01,9.967557136747284829e-01
1.081250303777299360e+00,1.014512758239642487e+00,1.004677245017055798e+00,9.997990453050009663e-01,9.985283882032411906e-01,9.988005467967586704e-01,9.999455635063465575e-01,1.000647934641069492e+00,1.000040318931416650e+00,9.990301724915139348e-01,9.971467162108076376e-01
1.083046514430638485e+00,1.013592823482245553e+00,1.004064471536330494e+00,9.997724394077512899e-01,9.985986106932857043e-01,9.987278086920219344e-01,1.000027047285921178e+00,1.000618640606151688e+00,1.000413476229528920e+00,9.988195450941748099e-01,9.951227126257963240e-01
1.084691498689573042e+00,1.012847199306087465e+00,1.003391605772405937e+00,1.000050415541427817e+00,9.986371873149305634e-01,9.987318802153769548e-01,9.998724047228598755e-01,1.000692350097767802e+00,1.000716739963947610e+00,9.988300539164941538e-01,9.940131388809493318e-01
1.084593414952772283e+00,1.011846105822894692e+00,1.003403732693629369e+00,1.000003315306779328e+00,9.986174666875550221e-01,9.987093693681162732e-01,9.998652079753193034e-01,1.000764979297379398e+00,1.000770162556493981e+00,9.986930995989614646e-01,9.956650487435639851e-01
1.082335354914571113e+00,1.011395825257446424e+00,1.003689038345072726e+00,9.996068869539822543e-01,9.985710868064636703e-01,9.986409243304826822e-01,1.000090634540221624e+00,1.000784903269360537e+00,1.000484639105548412e+00,9.989544220347961190e-01,9.969906288148849827e-01
1.079299366677402006e+00,1.011083102742068141e+00,1.003513917788212861e+00,9.994669790622207062e-01,9.985842691057482678e-01,9.989051536110210572e-01,1.000100431569408865e+00,1.000647217440794323e+00,1.000152230439192991e+00,9.994145040632289589e-01,9.989105964564635176e-01
