3.000786051399861529e-02,8.701958205885349602e-05,1.584467605345463176e-05,-4.016414901060705946e-05,2.640340129714144630e-05,-2.408309302468903925e-05,-1.073332561660297138e-05,2.641604023310645738e-05,3.113981104480378030e-05,1.299211238894113251e-05,-5.931721860734390515e-05
4.095222694600252761e-02,4.173177942515962982e-04,-3.240025400608952615e-05,-1.132199724295821548e-05,-3.418180792779195961e-05,-4.625022388830156070e-05,-2.315984715550976032e-05,-2.503732618064014989e-05,1.607940215769207572e-05,1.036410248273103593e-05,2.382845911008347128e-04
4.876377624026392854e-02,1.360240760974244312e-03,-1.460611668009724310e-04,6.565998485565578441e-05,-5.610409398816943729e-05,-4.697042476614876730e-05,-4.172362821348158095e-05,-1.393714711399649196e-05,-5.580901272324630547e-05,1.157742135416455002e-04,1.466689909558617467e-04
5.347136832117115046e-02,2.294017865931980826e-03,1.652118478777083788e-04,-1.557645654529706556e-05,-5.033835741661775085e-05,-8.697891903011643292e-05,-3.197273344723314199e-05,-7.351501348912926246e-06,-9.613677823427826518e-05,6.408654468834637031e-05,1.899194657846404674e-04
5.842553088134685990e-02,2.856926648845826543e-03,6.726052551251117395e-04,5.878960652830438670e-06,-1.221348447187086707e-04,-1.336035855648121757e-04,-8.555066299523383315e-05,-1.469483999962350714e-05,-3.310334946620822780e-05,-1.063858819427490886e-04,6.684853630570196359e-05
6.326916303069084202e-02,3.499553569889308786e-03,1.205307618684104895e-03,2.921126158080630418e-04,-2.144481426741084529e-04,-1.781401029071629871e-04,-1.482437560646854377e-04,8.654004432483018472e-06,-6.738375088809518015e-05,-1.372416971134125373e-04,5.520536501081643992e-04
6.740922040883190469e-02,4.569437452903537568e-03,1.466043587736610455e-03,6.991772835988685009e-04,-9.028102871216073981e-05,-2.246970137201722629e-04,-1.055267896806870849e-04,-1.257333848968161306e-04,-1.240174120313094640e-04,-1.995460291500002746e-04,4.297934244342664699e-04
7.106474854284762499e-02,5.553416096721869484e-03,1.654798408650549023e-03,1.019472326977795317e-03,1.400482170052036945e-04,-2.012371686284855762e-04,-1.532443618653139166e-04,-2.777937295935805121e-04,-2.310051304206300264e-04,-1.089472297415842355e-04,1.083743031094254472e-04
7.351831865152458345e-02,7.345121849252002517e-03,2.133894139134690209e-03,1.197341478189451131e-03,2.450056784144476825e-04,-1.161685868803384922e-04,-3.558669699933569961e-04,-4.211009113559342309e-04,-4.556415595371801088e-04,-2.526092804572956183e-04,2.069985172818500439e-04
7.673485087406638205e-02,8.211077335961856211e-03,2.777342233914451963e-03,1.380227989172236672e-03,3.080035934758111908e-04,-5.018893195199991417e-05,-4.220053716675253516e-04,-6.376443685230138991e-04,-7.429759241654690805e-04,-2.147319992356228079e-04,7.545649184397452849e-05
7.893127780307533647e-02,9.330582166710670033e-03,3.560272803599478803e-03,2.146022271953213021e-03,7.475424139697437039e-04,9.310208501234720931e-05,-6.066644764117633693e-04,-9.403099504642144528e-04,-1.030925402510810083e-03,-6.916286549846222161e-04,-5.417874777906975855e-04
7.928996864040881165e-02,1.078476427311166226e-02,4.515850719420392255e-03,2.745667816571246197e-03,1.232715902445423624e-03,2.319876604371431657e-04,-6.876973104016944997e-04,-1.210981976895605721e-03,-1.498876540596188588e-03,-1.701623515816895037e-03,-1.510470918054935977e-03
8.095335742179360361e-02,1.165305156636510693e-02,5.359142190250909543e-03,3.323188338033189471e-03,1.733257080075277772e-03,4.673572925117722415e-04,-7.122321777749845463e-04,-1.575102107441141586e-03,-2.304456682771336730e-03,-2.647388355537272451e-03,-3.521019799382163560e-03
8.466900746470115702e-02,1.292982480834316966e-02,6.557013150562905450e-03,4.123541676603247053e-03,2.059679115642467414e-03,6.440397052148806372e-04,-8.576292419167338759e-04,-1.913662189923676831e-03,-2.735881726025652695e-03,-3.504480032473940992e-03,-4.562117823390153017e-03
8.792686363976316699e-02,1.460340707939802515e-02,7.787090761212208702e-03,4.924580242999592253e-03,2.403961754024265367e-03,7.380025167467486619e-04,-1.003994302067103125e-03,-2.100536534496147065e-03,-3.241139534220922793e-03,-4.352353804990579181e-03,-5.381601404724284214e-03
9.082719317576702645e-02,1.641124711214736812e-02,8.928119628482960105e-03,5.677512007289406068e-03,2.818436586744204556e-03,8.926134819165716444e-04,-1.021751934513442537e-03,-2.340208140936314574e-03,-3.821626940972794317e-03,-5.202272130352763278e-03,-6.484730939074713138e-03
9.259241409462391770e-02,1.871922666831568605e-02,1.074162608843050488e-02,6.584620332841772603e-03,3.445860605776477834e-03,9.954006100795712974e-04,-9.991386788633642869e-04,-2.741181597967789953e-03,-4.640751517273090064e-03,-5.920238596365869424e-03,-7.417294167850389461e-03
9.331384198011591358e-02,2.094919510113986763e-02,1.250569300629432445e-02,7.870928873382429872e-03,3.999828480821633787e-03,1.110850314668025392e-03,-1.119580078923980860e-03,-3.075537327146818465e-03,-5.367176797892492073e-03,-6.667502761761372361e-03,-7.782395107435946535e-03
9.714356157491016441e-02,2.281586327046844151e-02,1.368659401017746288e-02,8.642121533184582427e-03,4.375781912695586237e-03,1.241958200578299450e-03,-1.217322821493751778e-03,-3.340768785180857868e-03,-5.787539517147814554e-03,-7.352205921447132683e-03,-8.304809534330142434e-03
9.910999555304775277e-02,2.378818309426384073e-02,1.421851730532472553e-02,9.014438693291876650e-03,4.760327325971450314e-03,1.315934693922405588e-03,-1.123260725629511613e-03,-3.442003912904100307e-03,-5.833840784272608521e-03,-7.928551413341722656e-03,-9.779051356985455495e-03
1.004465706309579792e-01,2.414529871005370934e-02,1.464200822448712830e-02,9.500759168738975163e-03,5.220087150777732304e-03,1.582420345052649177e-03,-9.671928695229267160e-04,-3.446092670953915249e-03,-6.251841199066586301e-03,-8.425783792098207395e-03,-1.081097248605583996e-02
9.799674206076383620e-02,2.325525663243685134e-02,1.413613452478393491e-02,9.350455877673542054e-03,5.252395483593272178e-03,1.772662119116753072e-03,-9.959777801122318610e-04,-3.432446038261034987e-03,-6.364234811471535663e-03,-8.388655088030652282e-03,-9.865268053930389622e-03
9.765851691064794671e-02,2.353953844640634813e-02,1.472856944134199805e-02,1.006817643657071520e-02,5.534316056933769393e-03,2.023336389616746563e-03,-1.052314009886547250e-03,-3.831133519193797785e-03,-6.818159958193922496e-03,-9.326576428246668646e-03,-1.045807577381271079e-02
9.925141353824436241e-02,2.443948844976780860e-02,1.577566235345226678e-02,1.078284468800140040e-02,6.130375122433308691e-03,2.191680785749157249e-03,-1.231694805529232918e-03,-4.092180232820455572e-03,-7.576648339734333611e-03,-1.042891618749666044e-02,-1.278590406655435129e-02
1.007885653198679343e-01,2.643664224038079838e-02,1.687776189417181452e-02,1.147264567128934883e-02,6.604296256416944053e-03,2.403559933797005423e-03,-1.302874009407204705e-03,-4.336029354750668002e-03,-8.209735286216979927e-03,-1.132987733715344787e-02,-1.437852733738918289e-02
1.042954556261797283e-01,2.834842558874646479e-02,1.787308588188127670e-02,1.223630025400767977e-02,7.390233418142678860e-03,2.688062130465926867e-03,-1.210773971182624396e-03,-4.816775660641955774e-03,-8.737084768270156690e-03,-1.225494946136589623e-02,-1.604821844048723994e-02
1.088635556279580474e-01,2.966901219551827673e-02,1.885746990545731153e-02,1.294811414376594895e-02,7.699485845802726304e-03,2.895559776836207147e-03,-1.209895039913561499e-03,-5.107814627551970910e-03,-9.395566231426372150e-03,-1.307321643431684326e-02,-1.742994819278939622e-02
1.082677039962422205e-01,3.096886637079351509e-02,1.976771316366590994e-02,1.348256852200006156e-02,7.778709874806248245e-03,3.041934091913053168e-03,-1.404562432751040339e-03,-5.435169571369321759e-03,-1.001445389022428273e-02,-1.319427553583242020e-02,-1.692130932102477517e-02
1.097650276762676541e-01,3.224945163367008011e-02,2.080977744914249555e-02,1.377694102017020666e-02,7.891296779534829817e-03,2.952934947296057509e-03,-1.469556954373730986e-03,-5.476683785243850397e-03,-1.035760364395592152e-02,-1.357585501025229159e-02,-1.558063108965970951e-02
1.137183358012903434e-01,3.430983015863653396e-02,2.162563559133815275e-02,1.437419293022300197e-02,7.996853091782071474e-03,2.929855382148681062e-03,-1.480616922471667332e-03,-5.735847788788495973e-03,-1.031398294532153391e-02,-1.347164946825606113e-02,-1.647234736977274544e-02
1.156714416027123382e-01,3.533341702883095042e-02,2.229471485435107272e-02,1.465706804076640987e-02,8.192975519140516943e-03,2.767054129243478027e-03,-1.743120331930053451e-03,-5.787300619365955655e-03,-1.032690453694345804e-02,-1.322466776125839558e-02,-1.592250477601667505e-02
1.167327055774180639e-01,3.556162622952147023e-02,2.239738413659337485e-02,1.487982474529563927e-02,8.426386550929386432e-03,2.837446486700586062e-03,-1.880735871652396011e-03,-5.948731212638493256e-03,-1.014872403251722462e-02,-1.303339599141936124e-02,-1.566397542007956500e-02
1.161771877219267696e-01,3.675549498025396100e-02,2.352725571355659615e-02,1.588584890415448841e-02,9.106889975116721700e-03,3.094196778780537900e-03,-2.072481743663688505e-03,-6.524819669660384715e-03,-1.094396263848001344e-02,-1.382200989099667543e-02,-1.747142033535966851e-02
1.182512100790618637e-01,3.860389072456153758e-02,2.502004280526802515e-02,1.717529246921212921e-02,9.605477582781232412e-03,3.278887237263281365e-03,-2.285448092553741834e-03,-7.156385587023120567e-03,-1.205265844770628085e-02,-1.507804563116100713e-02,-1.738574686325808707e-02
1.210832805539800577e-01,4.039215398509936328e-02,2.654631643634482868e-02,1.791705890294553044e-02,9.960973264506530964e-03,3.269576468548019560e-03,-2.540236839938228314e-03,-7.462931348765419227e-03,-1.264574683561329495e-02,-1.609082914824454605e-02,-1.828165179757659103e-02
1.227583985896795599e-01,4.221490284296365580e-02,2.746290068933912934e-02,1.816513855064602612e-02,1.013186098027875869e-02,3.087042881170899613e-03,-2.753535855373771043e-03,-7.496007257986350876e-03,-1.277929457685707260e-02,-1.660647414934095234e-02,-2.106942011892767516e-02
1.247571137529520785e-01,4.313278714644130929e-02,2.777117299381568274e-02,1.814250951696876751e-02,9.902307021315630634e-03,2.787838283125358176e-03,-2.875338060332257705e-03,-7.300407583667349772e-03,-1.222124376691171264e-02,-1.609686556901343199e-02,-2.055475383947270515e-02
1.256035941170748349e-01,4.261721959443900976e-02,2.736365074148731924e-02,1.750610057031020891e-02,9.303817732565763943e-03,2.305292412298262823e-03,-2.899465619415664969e-03,-7.050207234297565032e-03,-1.145222439159890651e-02,-1.504083480086211566e-02,-1.823748361389931211e-02
1.264153527748261285e-01,4.289591301430365627e-02,2.722271320778378925e-02,1.730736904351491690e-02,9.020047348783703095e-03,2.167074908102326145e-03,-2.924813569325277092e-03,-6.759093067091467670e-03,-1.117166483378915012e-02,-1.398661017710356794e-02,-1.537736376474226584e-02
1.277588232164490190e-01,4.260555809709522940e-02,2.649962756470286215e-02,1.695984884235214943e-02,8.828921388589951874e-03,2.258446891042220801e-03,-2.710939170569619076e-03,-6.626640172116468261e-03,-1.065075608452635374e-02,-1.322218734673057984e-02,-1.301044223704430659e-02
1.281745950411154467e-01,4.214670762735635290e-02,2.582284925036534839e-02,1.678280355733338669e-02,8.857599743150885302e-03,2.499415164562008608e-03,-2.497375164589210779e-03,-6.464658489600739154e-03,-1.041980750993927451e-02,-1.292896998302154113e-02,-1.435865580445258582e-02
1.279955396789830280e-01,4.165939370837971195e-02,2.534571412289546993e-02,1.642294594452370360e-02,8.864868401349066535e-03,2.647708780788511455e-03,-2.161537372687310533e-03,-6.092988170623726656e-03,-1.038423927696017525e-02,-1.328417415445477465e-02,-1.506960476122106742e-02
1.262695517145109581e-01,4.032079208625895250e-02,2.464714384597574415e-02,1.632277333249987014e-02,8.973765162897408970e-03,2.844489199668596719e-03,-2.010065200839703491e-03,-5.813445127167492232e-03,-1.038663568030513684e-02,-1.396718098252928801e-02,-1.835220541750564108e-02
1.265036139767601597e-01,3.970230150441281941e-02,2.422732671228758003e-02,1.600945685275537156e-02,9.049014701389484008e-03,2.857810055498655709e-03,-1.904897618337920160e-03,-5.762859799447053212e-03,-1.024263273006316595e-02,-1.432131349764794413e-02,-1.881953504838405553e-02
1.255463867592424565e-01,3.869796172957349484e-02,2.328302454046701428e-02,1.511231817783777361e-02,8.640248431674458010e-03,2.916014844209363632e-03,-1.537321132830163448e-03,-5.330389725290831347e-03,-9.950725647985967509e-03,-1.284969708288770385e-02,-1.691235650385059658e-02
1.246316904010710269e-01,3.734238122314016001e-02,2.234357184151975623e-02,1.424458234849158324e-02,7.811951483403867420e-03,2.817314684239833212e-03,-1.386520708695102846e-03,-5.144017162875839412e-03,-9.466071950671799476e-03,-1.205446881946993509e-02,-1.383631342533514150e-02
1.235184438389172468e-01,3.583448815978901997e-02,2.104884253646647357e-02,1.352958743969574253e-02,7.433288542988665884e-03,2.507594801661589250e-03,-1.367016882589354226e-03,-4.815686979769439637e-03,-8.812978021936429193e-03,-1.123217777887862423e-02,-1.276384654033753396e-02
1.216319802495659935e-01,3.525007703085062533e-02,2.038819198568590785e-02,1.316870860970863720e-02,7.181926688415670758e-03,2.439482227343731709e-03,-1.320266529947050930e-03,-4.456848301666721350e-03,-8.281433371291146636e-03,-1.054556313107888471e-02,-1.270358788460016104e-02
1.206360267825864196e-01,3.484017149008113851e-02,2.053640903053273806e-02,1.292972094365606693e-02,7.046188435613837640e-03,2.336056215796654401e-03,-1.418708114040441448e-03,-4.487710603403783326e-03,-7.660413228626528764e-03,-1.046014610920550057e-02,-1.322719799446566910e-02
1.205449967377021508e-01,3.421748703954433785e-02,2.036834274321196875e-02,1.251784561831996608e-02,6.860180303425943669e-03,2.044083883784395417e-03,-1.599857518077326150e-03,-4.526440634619884051e-03,-7.285100825174742854e-03,-1.005080686080518475e-02,-1.220498921029826954e-02
1.185810826562411213e-01,3.381613404728213423e-02,1.977786104397906766e-02,1.216808621516226284e-02,6.689175586935101545e-03,1.701899352942682448e-03,-1.714310146672985095e-03,-4.294874389765280555e-03,-6.900120154611934405e-03,-8.657399051274099200e-03,-9.965361311082351556e-03
1.184329252248866038e-01,3.431141959045116985e-02,1.964912579687115232e-02,1.222370659656503433e-02,6.645355028087249032e-03,1.681188519344602389e-03,-1.806008499780295930e-03,-4.309159199785288913e-03,-6.748406036442213159e-03,-8.411484893229596513e-03,-1.036178165699017974e-02
1.183168166760489304e-01,3.375380889451164851e-02,1.988501515602883810e-02,1.210314200135297232e-02,6.399817204612170442e-03,1.625411116346723705e-03,-1.911943056781825268e-03,-4.519530970605385896e-03,-6.798802204445108903e-03,-8.188472105284283487e-03,-1.088732348578979291e-02
1.163436962283451170e-01,3.302311714887274513e-02,1.973840714159414908e-02,1.223883646474373081e-02,6.306815074704957835e-03,1.382445558216436341e-03,-2.010318748811642988e-03,-4.494440753912759198e-03,-6.707432108256368430e-03,-8.405915037908764584e-03,-1.121732466303823790e-02
1.150711143551877008e-01,3.260149339334297847e-02,1.978758209728140316e-02,1.258379438694856578e-02,6.521988080449306335e-03,1.357313952464346508e-03,-1.919853737732440035e-03,-4.394677599982433139e-03,-6.872709918523931677e-03,-8.770766536639584485e-03,-9.859933436030409240e-03
1.155053177822582267e-01,3.186531170028950727e-02,1.944553757227885510e-02,1.266378851920500759e-02,6.554015813501142158e-03,1.416031601948736620e-03,-1.838864596761140887e-03,-4.334152687869000445e-03,-6.522751363828044324e-03,-8.562502938389907059e-03,-1.016251012382690319e-02
1.138634324643529594e-01,3.137675090536073963e-02,1.900158991850968773e-02,1.237647095433254754e-02,6.569115993677183442e-03,1.452619100694067062e-03,-1.801087857562943878e-03,-4.207452326836410780e-03,-6.779667514734436136e-03,-8.835644155106852846e-03,-1.089048679827511398e-02
1.143020776891479628e-01,3.146554738128219675e-02,1.879914597708232799e-02,1.211641862253178860e-02,6.458390527268854930e-03,1.396456056374407008e-03,-1.926027363937295742e-03,-4.401668838561466866e-03,-7.113424010575748746e-03,-9.056869378292906059e-03,-1.141175446087387864e-02
1.154661438444447852e-01,3.181911052782496196e-02,1.875535683422280969e-02,1.219621765519653817e-02,6.075317632190934368e-03,1.235726988713840326e-03,-2.126999588819974193e-03,-4.689935908533664211e-03,-7.190510079188232144e-03,-9.202292046349039994e-03,-1.122052432905583201e-02
1.150905655017695067e-01,3.161991221039997524e-02,1.906420396176310497e-02,1.212765197270784974e-02,6.159090639535290922e-03,1.206429808843722216e-03,-2.140186205104996874e-03,-4.919378652996578977e-03,-7.145257795639401929e-03,-9.102702536120364091e-03,-1.139421942563304847e-02
1.124459895685082367e-01,3.108830897029785795e-02,1.862836811568224782e-02,1.219214689971284855e-02,6.220963754564908313e-03,1.368614015874047938e-03,-2.081360065918603456e-03,-4.809173307444458700e-03,-7.015503263187145011e-03,-8.868373892309086570e-03,-1.089272233970636772e-02
1.120528023877918750e-01,3.087658828281802242e-02,1.849420215153551803e-02,1.224113273554317503e-02,6.487387428850114983e-03,1.495410140506965406e-03,-1.954828851035930130e-03,-4.681597186964529811e-03,-6.901165229713985584e-03,-8.590550087770631657e-03,-1.085351857865239286e-02
1.120563684380552483e-01,3.036088176427249874e-02,1.848698142265507022e-02,1.248038144321728278e-02,6.680640626314075965e-03,1.539154793952465447e-03,-1.890440156869760413e-03,-4.492842856090737726e-03,-7.018547217367828578e-03,-8.901554506297622640e-03,-1.016196169732908917e-02
1.106150710729993103e-01,3.060897570878020821e-02,1.907499377520568626e-02,1.299778705538046780e-02,6.979602270925209032e-03,1.737185342205429823e-03,-1.907347449531747539e-03,-4.678587158396499586e-03,-7.514212675810193545e-03,-9.588402801378499360e-03,-1.173355519661901589e-02
1.119456054496558162e-01,3.137980593820730718e-02,1.971614047288956090e-02,1.330170209906246861e-02,7.221434862127967640e-03,2.114115769757274159e-03,-1.782954074526844988e-03,-4.656552043372757209e-03,-7.736152974174285123e-03,-9.991911001291257921e-03,-1.189622690371108793e-02
1.163083367123272233e-01,3.304300171601334823e-02,2.040693649724047154e-02,1.347786465482097781e-02,7.589982295808279239e-03,2.520765636045391167e-03,-1.501494900960206750e-03,-4.486943026933616976e-03,-7.834465326650667111e-03,-1.012031616944252845e-02,-1.208413727280997600e-02
1.160037284106448796e-01,3.380069937492979210e-02,2.045497653399540317e-02,1.343782015845938066e-02,7.738185994563286617e-03,2.692316754185709263e-03,-1.111164540367880855e-03,-4.259040732091479847e-03,-7.521767416795926281e-03,-1.040378293663550037e-02,-1.302805624713936246e-02
1.174248078169439352e-01,3.411670268950387636e-02,2.083116882475904291e-02,1.372713292773096450e-02,7.909429668727136972e-03,3.205289895260321660e-03,-5.917084399328111349e-04,-3.938295088085859430e-03,-7.643433568090298585e-03,-1.039570771482339548e-02,-1.337120543077517307e-02
1.159818895276799738e-01,3.330454327340139770e-02,2.058810820220489252e-02,1.364712788957906341e-02,8.122302438436540192e-03,3.722116081965494427e-03,-1.005235366900481155e-04,-3.671470455582737363e-03,-7.645840398385500905e-03,-1.014534796357622302e-02,-1.458684091427133941e-02
1.154456351584857154e-01,3.215424505026003021e-02,2.000305380952216092e-02,1.338951364599433140e-02,8.635047366702928301e-03,4.139675568714082550e-03,1.250135463509689869e-04,-3.483924149560856543e-03,-7.203024276682232392e-03,-9.723772972463741796e-03,-1.375725809155229663e-02
1.136674381390054556e-01,3.128973212094456058e-02,1.913599326148576751e-02,1.327763099429729414e-02,8.295028237224225803e-03,3.938501639903616708e-03,1.879862674147543067e-04,-3.176951128653993182e-03,-6.675441419382329919e-03,-9.498013464485316124e-03,-1.272914029183059778e-02
1.131307039697868749e-01,3.036059429383713287e-02,1.839643035838735632e-02,1.270017021851755495e-02,7.681362325812485237e-03,3.439170243030685494e-03,-6.101422758941740028e-05,-3.261764524500368381e-03,-6.718747190870860524e-03,-9.734546518304968560e-03,-1.310557376131111541e-02
1.139789749858486911e-01,3.058789128877231062e-02,1.831023790555922140e-02,1.262089858507394954e-02,7.265511894824029648e-03,2.942622095629542685e-03,-5.114807167968456495e-04,-3.583711378428348394e-03,-7.085357072680510508e-03,-1.007375765970305349e-02,-1.287585458461422416e-02
1.131645803491638375e-01,2.980483331382657516e-02,1.826921712305488651e-02,1.215273871175828052e-02,6.999935944278120638e-03,2.402196648199073949e-03,-1.062045475664081216e-03,-3.932386387383282091e-03,-7.329572951108356479e-03,-1.003139214422790575e-02,-1.301313442253274576e-02
1.109266538318344764e-01,2.936421237884720772e-02,1.817136816530281682e-02,1.223160804965976213e-02,6.957341678827549426e-03,1.983088225525710124e-03,-1.425340305272977236e-03,-4.381594274679918508e-03,-7.439182681843749777e-03,-9.715229258201715790e-03,-1.262683128357640523e-02
1.090997201712414488e-01,2.835265709538277445e-02,1.756819350095812499e-02,1.197634666485647599e-02,6.553426421846887499e-03,1.798474934627813720e-03,-1.568545847933578569e-03,-4.373402384227777391e-03,-7.349563238370776172e-03,-9.735567406921358247e-03,-1.185303304310339652e-02
1.079884589359276781e-01,2.703207356826523022e-02,1.674029913136579339e-02,1.120928997999539461e-02,6.138813518199024398e-03,1.885784468687418678e-03,-1.460205381539000707e-03,-4.196732050462913255e-03,-7.150336527554216649e-03,-8.945540558038842655e-03,-1.069904307567845145e-02
1.076173239593964520e-01,2.711411121726874096e-02,1.725274109728193450e-02,1.129326748685387759e-02,6.192091849555022946e-03,1.988143371652470459e-03,-1.515814418585877642e-03,-4.199509972181054984e-03,-7.059680619592327566e-03,-8.648080533963426256e-03,-1.052972644828779024e-02
1.082166805981179258e-01,2.723727011132947087e-02,1.755666290782465985e-02,1.141066118878574474e-02,6.448869519960999906e-03,2.153181272687766136e-03,-1.384022258217306638e-03,-4.480675049917198782e-03,-7.210661628483215277e-03,-8.994035207846884719e-03,-1.141753747230860039e-02
1.092171068611953316e-01,2.805578111231129754e-02,1.751214088447593242e-02,1.169074021192191559e-02,6.697085271375059767e-03,2.555565458150473382e-03,-1.201567267901329332e-03,-4.398422130915305428e-03,-7.407545333530579645e-03,-9.642219704122514251e-03,-1.263769893433784250e-02
1.102878902087085222e-01,2.931593932967626118e-02,1.786193987510798983e-02,1.182904975824706530e-02,6.937956757535864230e-03,2.832431531975875948e-03,-1.007450426454434495e-03,-4.260185042562394248e-03,-7.493048489239092363e-03,-9.675476181391929817e-03,-1.169275802836529723e-02
1.099066891064999635e-01,2.879405968818121025e-02,1.723371552100291110e-02,1.144201040323744763e-02,6.780141021140754023e-03,3.045426154473715018e-03,-6.618894147746088967e-04,-3.779915227486051708e-03,-7.017409983576783014e-03,-9.202785029225862834e-03,-1.153318426807790550e-02
1.091070122726215674e-01,2.837721197364960132e-02,1.700025928229821973e-02,1.135207972279542350e-02,6.658850757440010898e-03,2.907105302724806266e-03,-5.593698333827535306e-04,-3.546607670121220465e-03,-6.588554536284852402e-03,-8.735810565824023155e-03,-1.021668905780639958e-02
1.081456182617524520e-01,2.740034929597571708e-02,1.679722683129089220e-02,1.144493681355517045e-02,6.437352731851251827e-03,2.531990668796999574e-03,-5.130154906662729320e-04,-3.204630780099713104e-03,-6.132202844464803432e-03,-8.234944611991668398e-03,-9.999443908443979984e-03
1.093298579176346097e-01,2.751359628025305121e-02,1.724607945718782676e-02,1.187033730723242864e-02,6.693706649294782658e-03,2.624406507880024629e-03,-6.222904985576612532e-04,-3.244028211747955904e-03,-6.337809167047635944e-03,-8.710716961380976855e-03,-1.097563642480997234e-02
1.104371797322685200e-01,2.897150316824599961e-02,1.789710796598977666e-02,1.217252040843504537e-02,6.997770159814778110e-03,2.703972699554796702e-03,-5.945535443850445819e-04,-3.746112433479404074e-03,-6.861481815279580829e-03,-8.771651616758786504e-03,-1.124160111297306530e-02
1.112283897952485306e-01,2.979503600280014597e-02,1.781692945491084729e-02,1.220138030701680212e-02,6.957386920169770540e-03,2.757372851268755261e-03,-7.321028506746978838e-04,-4.047642256531587372e-03,-7.328388860654297746e-03,-9.583690746275099620e-03,-1.106050822435193821e-02
1.112066811820710543e-01,2.982863318562343699e-02,1.744564581240809140e-02,1.155422314395878128e-02,6.802546270652186020e-03,2.941852567222020664e-03,-5.871742649073855101e-04,-3.852476769220340280e-03,-7.766498296118817986e-03,-1.011915742675135142e-02,-1.104457065403818827e-02
1.108902484530241150e-01,2.902923848761356646e-02,1.685527705910073309e-02,1.122318279635735501e-02,6.878770242427331011e-03,3.032252449989905185e-03,-5.111567940495233145e-04,-3.806339813684628953e-03,-7.706994120296214827e-03,-1.041351226755243310e-02,-1.151340012550849945e-02
1.095738097210013917e-01,2.843405584176512263e-02,1.676755614948794576e-02,1.120280607732828705e-02,6.781704578266142813e-03,3.114452841877095139e-03,-7.687849733148003966e-04,-3.987614157847380568e-03,-7.544649361097863910e-03,-1.026164443047820896e-02,-1.347449115464439441e-02
1.085070007414299098e-01,2.747482188066222714e-02,1.661239583257256500e-02,1.121661233376452724e-02,6.772606619628783638e-03,3.015717092429578104e-03,-7.722446496188733979e-04,-4.167342424581632968e-03,-7.690883086464180354e-03,-1.013159099663073388e-02,-1.338411134734749861e-02
1.086358194493328017e-01,2.749242544190784454e-02,1.718376836226941443e-02,1.177776073748521175e-02,7.092311828177210419e-03,2.883446551470175093e-03,-1.042891375668244126e-03,-4.306805013606662159e-03,-8.102656851039811287e-03,-1.045449835263752986e-02,-1.311550888674003178e-02
1.085779970206007944e-01,2.870152687184863299e-02,1.799483305215238485e-02,1.225980489825282890e-02,7.436206777826169685e-03,2.687277367700146007e-03,-1.322646608727995549e-03,-4.598504330337382234e-03,-8.459386641108481569e-03,-1.077556751021765610e-02,-1.323710783870233818e-02
1.084344000448801970e-01,2.962232061195547994e-02,1.832634072218548502e-02,1.225274194188309511e-02,7.329458160302746404e-03,2.673182403598877051e-03,-1.278500566354191315e-03,-4.643585164642675782e-03,-8.182663011496190894e-03,-1.058459688341091900e-02,-1.298684041934611462e-02
1.093763135467106656e-01,2.984173124655290985e-02,1.842768381190516142e-02,1.237323022269024887e-02,7.207123984456410663e-03,2.642527822966719928e-03,-1.206707131851632699e-03,-4.381390338432179614e-03,-7.748923291708051386e-03,-1.033829533875678559e-02,-1.378579951264623238e-02
1.081048642645325158e-01,2.996270646420030187e-02,1.867656652782099386e-02,1.250113303802548662e-02,7.264153426801213918e-03,2.716601742082154318e-03,-9.132651963084143128e-04,-4.183759025450059163e-03,-7.397626082656249061e-03,-9.616313307821032150e-03,-1.217651986210446617e-02
1.073356194408761621e-01,3.029880741051184725e-02,1.929231351042078393e-02,1.264796073632394602e-02,7.377173389567525698e-03,2.771893597498037692e-03,-1.203266407049937087e-03,-4.434412243989899020e-03,-7.863884623503044138e-03,-9.271500263684850224e-03,-1.011348735619025004e-02
1.106043683236493935e-01,3.092188230033955654e-02,1.954302893188463591e-02,1.317252114737391989e-02,7.516507918282314300e-03,2.693803870170363973e-03,-1.465054916195129018e-03,-4.876632243902377130e-03,-8.286841016637552099e-03,-1.014942306822174713e-02,-1.156972750875549967e-02
1.111644784161061328e-01,3.168548830441803021e-02,1.981784206473225993e-02,1.341378602829594938e-02,7.435978890424457463e-03,2.361591142686107845e-03,-1.856150505380002591e-03,-5.165993682929807991e-03,-8.727821115839468416e-03,-1.114047604804177180e-02,-1.370171735920180760e-02
1.127497377199759843e-01,3.300661806255863334e-02,2.032070767967837990e-02,1.364148732077290552e-02,7.436149321626144525e-03,2.163325961833152417e-03,-2.034226282209376183e-03,-5.547693845418626840e-03,-9.336500800118652937e-03,-1.194778525067494677e-02,-1.529049350262962244e-02
1.126242841810360246e-01,3.287811685621401525e-02,2.040762582461012886e-02,1.358021902120822889e-02,7.147221197696001539e-03,2.006201390650540987e-03,-2.030671317669178674e-03,-5.606956429778231846e-03,-9.502649057566736265e-03,-1.237612440985579564e-02,-1.597703882976527281e-02
1.121739257395162059e-01,3.274349850678767715e-02,2.071587229185918241e-02,1.358380949206049182e-02,7.263286029081887814e-03,1.914939408365586623e-03,-2.005392034844645770e-03,-5.474836210535453072e-03,-9.483852177419253848e-03,-1.271753788300186531e-02,-1.626817817183133161e-02
1.124802344678005050e-01,3.337114136820524407e-02,2.132547149808980066e-02,1.395133082220869659e-02,7.691717311456677114e-03,2.205610812976181809e-03,-2.063268619555722310e-03,-5.706600698660681432e-03,-9.613970069431113097e-03,-1.265384896944463967e-02,-1.538185625289329415e-02
1.153625441191405143e-01,3.462931310210463215e-02,2.191274399123441588e-02,1.473465563098102192e-02,8.071356165577407704e-03,2.617448661999460975e-03,-2.126740469440533115e-03,-6.103235459018521367e-03,-1.008128357822911034e-02,-1.262669904421129426e-02,-1.590295059880405398e-02
1.178781329903396818e-01,3.540672262571978313e-02,2.229843288740210663e-02,1.519486972880648365e-02,8.535451460442305266e-03,2.780288000925733999e-03,-2.070339417269773455e-03,-6.242916663169535176e-03,-1.036972239782840352e-02,-1.262182737672163692e-02,-1.473169055364377707e-02
1.181628766724418522e-01,3.616010367728640651e-02,2.343999281428200965e-02,1.596653345773621849e-02,9.055164993149315486e-03,3.154695414449727470e-03,-1.874126063177193558e-03,-6.205527956765884146e-03,-1.102938178002887092e-02,-1.329302208020132631e-02,-1.545207604514109087e-02
1.182021173344289383e-01,3.690851942463002633e-02,2.457903328626358935e-02,1.694688662293848680e-02,9.792350788600922423e-03,3.562617333686501735e-03,-1.614471502602394084e-03,-6.232234817364067612e-03,-1.125952204373191316e-02,-1.433618940325596600e-02,-1.735716621747021918e-02
1.171009267319616659e-01,3.768036105644510109e-02,2.556574542855183374e-02,1.770155707996892702e-02,1.039951714695763405e-02,3.912955711001990869e-03,-1.586314986112161238e-03,-6.344754054103176992e-03,-1.153602053424766100e-02,-1.511684234738281188e-02,-1.825785664123945676e-02
1.208374803136485903e-01,3.878154628658825320e-02,2.593824558798100977e-02,1.811003072600161912e-02,1.069002223606198981e-02,4.038726859285177162e-03,-1.649059483159262410e-03,-6.271129794034760972e-03,-1.145435324775146042e-02,-1.527973581063809573e-02,-1.929318008868497608e-02
1.236897124870011411e-01,3.926687720630155781e-02,2.503519827399702802e-02,1.782271898516449293e-02,1.051447191474810978e-02,3.672261920604591272e-03,-1.881129132073375071e-03,-6.312364759195925740e-03,-1.103257612363732834e-02,-1.492499634600178045e-02,-1.739220115659615915e-02
1.254442992995661310e-01,3.997461188654007763e-02,2.550512018151528809e-02,1.803356910159028062e-02,1.044548294339250373e-02,3.524437393262351559e-03,-1.962948809549043203e-03,-6.582227444394991682e-03,-1.081130969872038002e-02,-1.438703106779323608e-02,-1.807847121947424654e-02
1.236484687811747057e-01,3.983100953117579140e-02,2.573049949491100843e-02,1.787044532366762611e-02,9.975978691558626266e-03,3.192636136590332359e-03,-2.086286671048084417e-03,-6.434197509549440842e-03,-1.056974029787310920e-02,-1.356166956699744221e-02,-1.676235494764186790e-02
1.228667029368310931e-01,4.020570134706859255e-02,2.624683628502051322e-02,1.768262110653379821e-02,9.796901157955811845e-03,2.703744675895988596e-03,-2.346773642709274604e-03,-6.417797074163937403e-03,-1.045351673910547424e-02,-1.296015341596808319e-02,-1.533955388238923516e-02
1.247334396344180335e-01,4.056764442477040628e-02,2.645997868599481162e-02,1.780954621421926981e-02,9.697946238264242361e-03,2.443898518503501757e-03,-2.687615591581918404e-03,-6.668819961373364039e-03,-1.050541154208541918e-02,-1.277998971745149259e-02,-1.492170106257604580e-02
1.244308773006043423e-01,3.989270935065851453e-02,2.510750772871648759e-02,1.697133622455069060e-02,9.149192584093378267e-03,2.174248496004142859e-03,-2.694678475848760833e-03,-6.566579074073404000e-03,-1.014926689576418385e-02,-1.245702083330544295e-02,-1.508739907574621966e-02
1.241166278324802447e-01,3.919136858506477167e-02,2.422117473545085803e-02,1.604683260243017912e-02,8.648565201818850245e-03,2.092543606800079895e-03,-2.644523205783572226e-03,-6.446523070110505085e-03,-1.007723893554336031e-02,-1.254808790768113282e-02,-1.512989386648111619e-02
1.216331548592677753e-01,3.828740038301606252e-02,2.381467321154832548e-02,1.534229183782632490e-02,8.195553188559263208e-03,1.975384960141115219e-03,-2.718058628517376358e-03,-6.292633817057918452e-03,-9.962554385090249820e-03,-1.243866708658412056e-02,-1.536847902849206200e-02
1.199642514439660246e-01,3.761995415709976087e-02,2.313898526025401012e-02,1.471987611825788939e-02,7.872788465678974903e-03,1.920708465885316140e-03,-2.774052820264397579e-03,-6.152033566422179453e-03,-9.527189959669359748e-03,-1.209457544629338049e-02,-1.454068723370979463e-02
1.219446382955777231e-01,3.667624577675703684e-02,2.241780641675756788e-02,1.430574830077828430e-02,7.510975063189417704e-03,1.594795921342518751e-03,-2.690238986733565259e-03,-5.725188581349416501e-03,-8.929880057335342486e-03,-1.142086156129185764e-02,-1.282585246431309882e-02
1.209774565380633826e-01,3.591473523536687501e-02,2.227922156267536993e-02,1.422085538362848761e-02,7.343489040217975571e-03,1.499718920321614201e-03,-2.553794613162766076e-03,-5.374574870775578397e-03,-8.526846733824334015e-03,-1.082536610858342990e-02,-1.359350467504065636e-02
1.193375420385465180e-01,3.567422938744016503e-02,2.235089629424987304e-02,1.415149229224116692e-02,7.448843939530998270e-03,1.746417945724871136e-03,-2.241320877149572798e-03,-5.267039330389407074e-03,-8.587491080133246441e-03,-1.096384261428099381e-02,-1.300881605404343236e-02
1.184714014461426546e-01,3.555962684476769720e-02,2.210528006759334210e-02,1.420960925624384710e-02,7.586506267277395334e-03,2.091569174137321036e-03,-1.978452812516100310e-03,-5.258091469987552675e-03,-8.873455981360555897e-03,-1.141990754638398491e-02,-1.512290862840896637e-02
1.158354368974932880e-01,3.382450283345114772e-02,2.100353795073560750e-02,1.366177796562480055e-02,7.656039359288563211e-03,2.325554273276461432e-03,-1.670343507599703721e-03,-5.005970085281567609e-03,-8.798918839844696582e-03,-1.209858332964913914e-02,-1.596328310640356823e-02
1.162297657584009103e-01,3.246496078295185023e-02,2.002126195896325803e-02,1.339130980460538113e-02,7.459704467840442763e-03,2.434211292791958140e-03,-1.491343915427745985e-03,-4.768714417182857990e-03,-8.720651878042717797e-03,-1.223150143022503668e-02,-1.580469805998874905e-02
1.117461457781104284e-01,3.048537633083783435e-02,1.876042557148355910e-02,1.264938293336445932e-02,7.092221297887496036e-03,2.292396767917607905e-03,-1.334239544601792567e-03,-4.452363607803224398e-03,-8.363794734124468597e-03,-1.176562021366882836e-02,-1.498293134808820204e-02
1.118035922184641706e-01,3.068645114120107167e-02,1.850135474209011963e-02,1.246590994296202341e-02,7.117630131678016371e-03,2.378855937419008335e-03,-1.258516005971801717e-03,-4.487308558544263540e-03,-8.333581325912090346e-03,-1.127919057758784878e-02,-1.532411687121209946e-02
1.139507541658008605e-01,3.116099243211123415e-02,1.934399602879115221e-02,1.281362953484829412e-02,7.296942343891184464e-03,2.522536167503855106e-03,-1.357675825966111289e-03,-4.820471209337422180e-03,-8.509809935368949085e-03,-1.147957004421548861e-02,-1.556505325453177123e-02
1.140926620399793368e-01,3.238870796315745232e-02,2.066124536432211931e-02,1.343032249432248547e-02,7.710323003555963513e-03,2.712319049718753781e-03,-1.534533049642837835e-03,-4.975200632477323921e-03,-8.800435040708555132e-03,-1.159357867182236532e-02,-1.399538518173826240e-02
1.154135466597954324e-01,3.347672925021642765e-02,2.099899940276402435e-02,1.367077249882469279e-02,8.074376518466567718e-03,2.716012743720906328e-03,-1.567588410135142395e-03,-5.008812015533070129e-03,-8.688037598388258231e-03,-1.131345583017582569e-02,-1.312892086715884178e-02
1.174576394439801746e-01,3.391284156897527574e-02,2.115533153467174035e-02,1.401838657806719728e-02,8.096390101978894263e-03,2.859672801132331649e-03,-1.580280093233625994e-03,-5.040840475954327590e-03,-8.848535187468274665e-03,-1.161634464832187429e-02,-1.403894095219325108e-02
1.147638757098118079e-01,3.346973198464902460e-02,2.054931144031382079e-02,1.367252252202594623e-02,7.870212327664164592e-03,2.860397312339546787e-03,-1.344336734824241614e-03,-4.926980584047398193e-03,-8.974554893042111653e-03,-1.187081894143609401e-02,-1.479094888459064894e-02
1.143697691172594483e-01,3.367448293657005626e-02,2.025665706402664940e-02,1.351834383475563305e-02,7.956297679054509867e-03,2.756006283121058362e-03,-1.254904735285825110e-03,-4.893098741072662676e-03,-9.031310319670759340e-03,-1.224562436067254054e-02,-1.462236412847409475e-02
1.164427662254559903e-01,3.434758420088165898e-02,2.072571093247669444e-02,1.383901438894454342e-02,8.103576741146605381e-03,2.745965140809113886e-03,-1.314679554809828959e-03,-5.011184851725448107e-03,-9.225322258116926480e-03,-1.255859252867935066e-02,-1.657544183413064975e-02
1.149943146097776037e-01,3.538665265330697557e-02,2.141100933554665811e-02,1.390045810123291016e-02,8.070308680307752836e-03,2.770003901817849612e-03,-1.498838426972172412e-03,-5.320888578958490704e-03,-9.326566858919405761e-03,-1.274906405099407794e-02,-1.677976972402292141e-02
1.162246465463679934e-01,3.658065216254723778e-02,2.212818167963363780e-02,1.399441748810008844e-02,8.148232514672502577e-03,2.984705499581731709e-03,-1.567878383379092992e-03,-5.310544910081971097e-03,-9.517085328946356046e-03,-1.254255367142442963e-02,-1.519788192396199535e-02
1.193186394462943251e-01,3.702772033358497916e-02,2.258345009166216541e-02,1.443875305092336310e-02,8.281670909738794370e-03,3.193401134501124873e-03,-1.460603625648010384e-03,-5.310223259096380835e-03,-9.566614062205843969e-03,-1.270460433811145505e-02,-1.502080006244797296e-02
1.199246331763281215e-01,3.759216022298636495e-02,2.279947959832257301e-02,1.471050795078970505e-02,8.228007256440543135e-03,3.133520931573174819e-03,-1.251348731812746687e-03,-5.126413506975148297e-03,-9.224972300393917760e-03,-1.220387301666209755e-02,-1.427071849212429265e-02
1.174360981892846323e-01,3.697874057373751189e-02,2.289526472536408327e-02,1.451030644870243171e-02,8.067310945029888825e-03,2.997595841269525864e-03,-1.196856307763867824e-03,-4.827923348702460593e-03,-8.707192348221124562e-03,-1.133389795766930573e-02,-1.275894475804248938e-02
1.179822775490286524e-01,3.681558183893710035e-02,2.307520807962125386e-02,1.441315641185772663e-02,7.953413870262058052e-03,2.862077962716987924e-03,-1.191100452748038120e-03,-4.578916291869240297e-03,-8.371698299090275450e-03,-1.038535202813300334e-02,-1.103935066014311191e-02
1.179817702268248919e-01,3.632101895643156247e-02,2.264803769025591426e-02,1.426167827370587900e-02,7.744329782866479425e-03,2.774157743054077221e-03,-1.352472080564290661e-03,-4.576370204151348348e-03,-7.700425267634962261e-03,-9.688323760841083265e-03,-1.061745401422121808e-02
1.174383339329982401e-01,3.564657337447121876e-02,2.187218654145106980e-02,1.414654318787950463e-02,7.546563183582728936e-03,2.464089813612397976e-03,-1.662663770695241771e-03,-4.629679497782287871e-03,-7.764325695732785491e-03,-9.162173379640725993e-03,-1.046512986710679792e-02
1.178310598293179079e-01,3.523923711468215231e-02,2.221398004204433452e-02,1.445238829535879128e-02,7.707963294260101496e-03,2.303393608938177160e-03,-2.014322603622100468e-03,-4.976675943800508081e-03,-8.263892576940252629e-03,-9.729983731932789759e-03,-1.105160181234387737e-02
1.187251045984307751e-01,3.658733999973139139e-02,2.303621326498868707e-02,1.505959160801505908e-02,7.937149352330757565e-03,2.248633075970062588e-03,-2.198612055289983491e-03,-5.720811651857708562e-03,-9.442199515903183099e-03,-1.129585011754970052e-02,-1.276438283080481330e-02
1.203631449457155667e-01,3.774656853496938941e-02,2.338982945288257606e-02,1.516217625306050601e-02,8.222433688870279742e-03,2.481400866786167940e-03,-2.363211334445740677e-03,-6.235101959037309474e-03,-1.019042774792667388e-02,-1.249564312519396009e-02,-1.452106788715347256e-02
1.206088121670128160e-01,3.788613321920587806e-02,2.368051659623050462e-02,1.547767715385171480e-02,8.726583674298680690e-03,2.813185209322680014e-03,-2.383267460305740250e-03,-6.517886817392160546e-03,-1.053776511153788412e-02,-1.299472945759050542e-02,-1.555917372599866302e-02
1.207882014868138232e-01,3.810614709319894849e-02,2.373042552180519918e-02,1.562915899123930655e-02,8.775324467511152332e-03,2.928213744231947160e-03,-2.174653299835032586e-03,-6.189869711673925273e-03,-1.020570608122037953e-02,-1.267370323450879403e-02,-1.476479197839677959e-02
1.226220289818822223e-01,3.723743250027319179e-02,2.246337153923365013e-02,1.486509762225730717e-02,8.422328298290367860e-03,2.856807542673496687e-03,-1.999758506859872567e-03,-5.590803192652477396e-03,-9.075557739351144265e-03,-1.145830336071518296e-02,-1.295964618101174901e-02
1.217058110594784054e-01,3.668140665522104382e-02,2.198195123574244944e-02,1.433906906943129347e-02,8.331724033089876746e-03,2.855191118016793365e-03,-1.637424336500671899e-03,-4.944439337794230213e-03,-8.241325125616713945e-03,-1.020744232664183397e-02,-1.156547630215794091e-02
1.202751894879866973e-01,3.639143766685305759e-02,2.205008021819558281e-02,1.427634341865372664e-02,8.163932117637476629e-03,2.526682219004433225e-03,-1.749758081041261938e-03,-5.082927898481421312e-03,-8.490510420233552541e-03,-9.871195138291169457e-03,-1.006119708880278199e-02
1.199250946354809416e-01,3.602704624866083505e-02,2.167368307950215400e-02,1.403748568799092350e-02,7.738011837652557928e-03,2.296432474781084400e-03,-1.821594907073471837e-03,-5.267450019256919753e-03,-8.732664072818164050e-03,-1.007677383422726086e-02,-1.162185681126582694e-02
1.202954144122174163e-01,3.574480532745864803e-02,2.225333227157076654e-02,1.441875780964812018e-02,7.698877759492506884e-03,2.320387757135619969e-03,-2.095664860672640482e-03,-5.664755047214815875e-03,-9.178609992972066450e-03,-1.144821362652711193e-02,-1.274989081548337164e-02
1.199400955408996966e-01,3.590747578142312185e-02,2.307706906872250552e-02,1.497169603308786887e-02,7.848830941095478672e-03,2.464592191710563915e-03,-2.133532503861175055e-03,-5.938111288920813746e-03,-9.899657513899561001e-03,-1.286787861001334118e-02,-1.524880717971331505e-02
1.185057040227784492e-01,3.664188118012543655e-02,2.372736722779596533e-02,1.558828084462903461e-02,8.504142610915673209e-03,2.690136456932479790e-03,-1.990989866523284850e-03,-6.062022971029660569e-03,-1.050329783820534539e-02,-1.397797371078753938e-02,-1.809895299769850169e-02
1.203516793308801736e-01,3.781673198982374307e-02,2.401495022654815889e-02,1.617639205409562506e-02,9.035521429121586706e-03,2.889906109511054550e-03,-1.904618124155856452e-03,-6.065500126966048497e-03,-1.058736109364484188e-02,-1.411802004363490667e-02,-1.773107045386407982e-02
1.214941041660123067e-01,3.773779096082257450e-02,2.366177435128895626e-02,1.593748656203794467e-02,9.001194893064992306e-03,2.951805716067717762e-03,-1.766241252173854923e-03,-6.058110884355020001e-03,-1.029391463348662376e-02,-1.311058726469881835e-02,-1.453250877238858665e-02
1.231046940230596104e-01,3.856587138479862509e-02,2.387740518511555915e-02,1.610498645593884046e-02,9.067511404372376183e-03,3.080676736356131092e-03,-1.702573877325717043e-03,-5.675744538332872131e-03,-9.804458646662479043e-03,-1.263572241674716309e-02,-1.366453371659441356e-02
1.248749049600727801e-01,3.851087835532553127e-02,2.362202301349910702e-02,1.581893612329449139e-02,8.864746262043156008e-03,3.020729672802755124e-03,-1.613891844721302132e-03,-5.300933183830658889e-03,-9.064846642808684421e-03,-1.223595158220497532e-02,-1.435151051070932340e-02
1.233274145211234185e-01,3.786071341963256898e-02,2.269459789675632583e-02,1.503149199846757524e-02,8.232134034173461262e-03,2.945446006936980939e-03,-1.293749954828268605e-03,-5.099364587390703245e-03,-8.808847378421153645e-03,-1.180210110291081069e-02,-1.531348219064429528e-02
1.228470326835648802e-01,3.776847924857707622e-02,2.267616718274401144e-02,1.498109878476612880e-02,8.404043696177487116e-03,3.117427052699901606e-03,-1.214371697269582681e-03,-5.296725461279734419e-03,-9.420736456258330463e-03,-1.209037902526844017e-02,-1.422947728222439916e-02
1.219802814446863115e-01,3.681662098043135545e-02,2.244065578068863212e-02,1.489045743194299110e-02,8.583761802357557646e-03,3.230832787640260193e-03,-1.188570956378531612e-03,-5.290031789851336839e-03,-9.912334958105397179e-03,-1.305672880671585045e-02,-1.619838492052273066e-02
1.202163908675886461e-01,3.581181336229466439e-02,2.202779379555112882e-02,1.480648733367920591e-02,8.691720495290726836e-03,3.251472515691383302e-03,-1.074244347761589731e-03,-5.477510242958019693e-03,-1.054570695184134377e-02,-1.464716965793348875e-02,-1.745797184479429623e-02
1.191251763017446980e-01,3.600784777527100966e-02,2.233686201143172956e-02,1.523624693235136641e-02,9.012858389884794916e-03,3.397227136219661912e-03,-1.154396462328103777e-03,-5.581949559175234873e-03,-1.110285423233488625e-02,-1.488061785629500415e-02,-1.832816313191828680e-02
1.184316593706721543e-01,3.602089340981910054e-02,2.330766509784000864e-02,1.572833702646905807e-02,9.493342925343142488e-03,3.630559567987875699e-03,-1.459179542374275385e-03,-6.140333251347778951e-03,-1.123956852750330158e-02,-1.561071990689103482e-02,-2.013162146031956951e-02
1.205593382591699791e-01,3.631806696577115356e-02,2.358463207919580043e-02,1.636659104141647419e-02,9.455111885018496407e-03,3.526792479890596826e-03,-1.536512542209468590e-03,-6.202931783068057515e-03,-1.177169875078792373e-02,-1.595379384823020913e-02,-1.935691077576635541e-02
1.232984137790801571e-01,3.723454803903317178e-02,2.371422700988996476e-02,1.640121867771391836e-02,9.281004659309336977e-03,3.344424356401064832e-03,-1.532904022778130157e-03,-6.314369164834641827e-03,-1.157098270230061572e-02,-1.528228753548788177e-02,-1.826061022573804982e-02
1.226890414083605801e-01,3.763417655872439149e-02,2.371197318393086437e-02,1.597015000971895027e-02,9.007151771335717219e-03,3.042048918886283791e-03,-1.863816920033712970e-03,-6.254847757893683587e-03,-1.095538886878817154e-02,-1.421652000025945377e-02,-1.673104550714911778e-02
1.213206240180726286e-01,3.784987413888247360e-02,2.433324871901505759e-02,1.643955939631252736e-02,9.172548134914734752e-03,2.872092676382079820e-03,-2.202976979643929498e-03,-6.333022671269366265e-03,-1.048141601733955375e-02,-1.351478323801386799e-02,-1.629677441227113041e-02
1.213899454558667740e-01,3.860421238325353888e-02,2.452353628046443842e-02,1.650968288050508326e-02,9.140342655907027561e-03,2.852166899220308621e-03,-2.107928955243851699e-03,-5.916419491131076798e-03,-9.708783448759942744e-03,-1.274540169157453197e-02,-1.483574744873153092e-02
1.220546024519722633e-01,3.807886183741238106e-02,2.397116654458330415e-02,1.596078959620056414e-02,8.962649666166682197e-03,3.012231731308238122e-03,-1.644008647517750978e-03,-5.474160060292355794e-03,-9.302395097336811983e-03,-1.257726067769480462e-02,-1.553585068829823994e-02
1.209376657339782113e-01,3.720980633490617029e-02,2.326928882735896167e-02,1.558079440935435274e-02,8.826168310845317055e-03,3.293800227154389422e-03,-1.206635283521972565e-03,-5.196411716198888996e-03,-9.302331866696550086e-03,-1.197961925941302963e-02,-1.431369417597738725e-02
1.201469894797404098e-01,3.758371086393361149e-02,2.321830405764883920e-02,1.552762334404695667e-02,9.060231408805971900e-03,3.494385864251089990e-03,-1.022180065259180792e-03,-5.036289830965234339e-03,-9.617148804733103781e-03,-1.186254513796988416e-02,-1.389534931136222548e-02
1.219316561489377088e-01,3.810502301027694078e-02,2.377235436719226519e-02,1.567670529673890339e-02,9.219478856778918346e-03,3.569394743929989698e-03,-1.060240418429319025e-03,-5.316499231238953037e-03,-9.521763893876024343e-03,-1.219937387881651902e-02,-1.393050384633813532e-02
1.214252812347766108e-01,3.854752129178116993e-02,2.408379583485206754e-02,1.577346339190483643e-02,9.186329597223428720e-03,3.471475300858689866e-03,-1.235234651685302712e-03,-5.525479220767969685e-03,-9.579464100841938307e-03,-1.209682077278937708e-02,-1.403437194663926212e-02
1.221815275763937364e-01,3.880395002573244767e-02,2.442514262658349380e-02,1.650504416015370623e-02,9.393293548760860145e-03,3.274244872873277069e-03,-1.604253847178562691e-03,-5.732038916771191144e-03,-9.959960428669400664e-03,-1.265428920772017178e-02,-1.414610467317656446e-02
1.221987933391747716e-01,3.921288974408266431e-02,2.512064057076119836e-02,1.716667733439362561e-02,9.588905523397859773e-03,3.172962039119326793e-03,-2.132035257986865384e-03,-6.190692283555031261e-03,-1.024524965058249207e-02,-1.283331452407153982e-02,-1.529384805123977162e-02
1.215665516619473807e-01,3.870918342052510897e-02,2.548487774898522407e-02,1.716191374517289994e-02,9.764596811362848822e-03,3.244488301390700390e-03,-2.243923801690536537e-03,-6.294051116294302473e-03,-9.924895580675824683e-03,-1.252341016869366191e-02,-1.547631624717399693e-02
1.213272292264319513e-01,3.879405112252343191e-02,2.490879816090874749e-02,1.690777275391941101e-02,9.643789533548179430e-03,3.294478180569296050e-03,-2.100944440109507854e-03,-6.204303721244450870e-03,-9.741139516041743412e-03,-1.229279536969106468e-02,-1.380196948014777818e-02
1.220555048927086522e-01,3.881739686512233889e-02,2.489166617739155610e-02,1.678008926164320166e-02,9.664690160724494564e-03,3.176007875429520330e-03,-2.171827908332581332e-03,-6.257464104150428641e-03,-9.964951788227175908e-03,-1.242885727118445138e-02,-1.487656728179205870e-02
1.220038634943253625e-01,3.872704117102487853e-02,2.475599881023640009e-02,1.655801524466979369e-02,9.394500925056278179e-03,2.972935847933005828e-03,-2.232843937280824982e-03,-6.327650518337845503e-03,-1.029637527499876852e-02,-1.288415781625126127e-02,-1.473922817262272693e-02
1.200595693117794543e-01,3.862825126520613717e-02,2.479431417638679538e-02,1.651298417316914707e-02,9.269273896853938086e-03,2.797669550139484339e-03,-2.394295627373936065e-03,-6.411713544846499822e-03,-1.035576358257339451e-02,-1.319302207780765311e-02,-1.488570115054241826e-02
1.206641463270217707e-01,3.867815853173265511e-02,2.501467911325725574e-02,1.664398175062643467e-02,9.075997496720816099e-03,2.730641649444463716e-03,-2.482182005261322506e-03,-6.359037209009360710e-03,-1.029915537151995797e-02,-1.283870589126653687e-02,-1.463927487490544223e-02
1.229302991853129107e-01,3.890726618069471204e-02,2.473829467829955983e-02,1.648073680922065160e-02,9.022750012511406362e-03,2.753599441285108952e-03,-2.464192190807130110e-03,-6.368646107541476968e-03,-1.038339141548291419e-02,-1.309736569876426143e-02,-1.429877244231583452e-02
1.230864530628367065e-01,3.849379511636503298e-02,2.393803553999042724e-02,1.591480670970315744e-02,8.621601019111711783e-03,2.662203652895250156e-03,-2.335833572696082230e-03,-6.182683128207205718e-03,-1.027754414180622258e-02,-1.237509288941635033e-02,-1.437720368842529232e-02
1.216577963481053487e-01,3.801671560404457084e-02,2.363871404747840133e-02,1.542947849735509629e-02,8.628856307300442757e-03,2.787480882054065370e-03,-2.342722984130066709e-03,-6.318095756834880491e-03,-1.013617556723914181e-02,-1.245964819352675217e-02,-1.473957804807285270e-02
1.184788131079755058e-01,3.696511471153617057e-02,2.320601011271985342e-02,1.516833906288389891e-02,8.590632135381193191e-03,2.743447770331376365e-03,-2.291509425301946172e-03,-6.313255867195814545e-03,-9.780347570279882344e-03,-1.193477849468019443e-02,-1.307440774704521531e-02
1.193915015148134945e-01,3.704025311156252526e-02,2.322099551405976472e-02,1.527271753939423750e-02,8.499389544583686729e-03,2.563220693854154422e-03,-2.477354863015699023e-03,-6.469986910338219356e-03,-1.019901870766944281e-02,-1.172498839797717074e-02,-1.201635016109415220e-02
1.205207033003674044e-01,3.717922642899582769e-02,2.348862673506065327e-02,1.548867563923861553e-02,8.549191117929054798e-03,2.421708336104112704e-03,-2.696069076786591131e-03,-6.489447414003200396e-03,-1.012885737087725925e-02,-1.197026892654499096e-02,-1.246621345821056874e-02
1.207933178153013098e-01,3.729033776217421936e-02,2.383136151406283973e-02,1.561415149536881514e-02,8.493946397568796075e-03,2.096324041409474044e-03,-3.003794611406120779e-03,-6.427831999282276887e-03,-1.003635653826366776e-02,-1.176971369519457314e-02,-1.229789667571019873e-02
1.205326221145986559e-01,3.684517005042189930e-02,2.352955573714653539e-02,1.515715884366711924e-02,8.253007096236830709e-03,1.867528418532198942e-03,-2.980095838511996695e-03,-6.331143348357728094e-03,-9.605283280961631615e-03,-1.117292605148224871e-02,-1.207929382632430548e-02
1.239148510611176868e-01,3.874262165497509292e-02,2.384171028530672476e-02,1.545883550677017333e-02,8.424910144936263376e-03,1.903117458541615445e-03,-2.891319332508034828e-03,-6.444073767648318858e-03,-9.496893370356163447e-03,-1.136618893618039812e-02,-1.242656462116537540e-02
1.224346565966222822e-01,3.899331523658897125e-02,2.389341892610839097e-02,1.528336867502916134e-02,8.336888316832361326e-03,1.941925671101546241e-03,-2.722264878944390207e-03,-6.271788403349042897e-03,-9.197372099044436380e-03,-1.077268290655083484e-02,-1.112153057136618106e-02
1.214940201629364225e-01,3.839758033441225543e-02,2.382476067194817110e-02,1.523195953173506374e-02,8.112288893669565917e-03,1.901690460289734213e-03,-2.720980848474459542e-03,-6.044755208883000053e-03,-8.984032666946448892e-03,-1.005560134063991119e-02,-9.316732171174414365e-03
1.201487279208535985e-01,3.766207830852529720e-02,2.365014919260504181e-02,1.520053795434067774e-02,7.808486811579858772e-03,1.831272312657671779e-03,-2.565053132005384786e-03,-5.712614430534317805e-03,-8.604304999936952802e-03,-1.004813409098267649e-02,-1.135728647475776551e-02
1.201073297523858885e-01,3.799631130965108045e-02,2.377378696343255063e-02,1.528041556061876700e-02,7.633524267482882236e-03,1.852669122771397579e-03,-2.319186513844193748e-03,-5.510338610725856213e-03,-8.646028183742592368e-03,-1.043755085470554102e-02,-1.171779261507007071e-02
1.192974987060726744e-01,3.699184143988125395e-02,2.273907085506995593e-02,1.458136124843725963e-02,7.568398010469054062e-03,2.147304216812757904e-03,-2.011100274306129500e-03,-5.266710739920509379e-03,-8.637192676467668473e-03,-1.041287741817452372e-02,-1.201568502497743669e-02
1.192281721100298952e-01,3.588413803130298396e-02,2.161215128595875626e-02,1.425691449401096308e-02,7.630661539842082015e-03,2.387865800906709308e-03,-1.843373592227847855e-03,-5.132438396524142965e-03,-8.214198386607226079e-03,-1.052170485781355087e-02,-1.266648898032612415e-02
1.199133160948864796e-01,3.558763482542914164e-02,2.169434166042695511e-02,1.445441213834930926e-02,8.206363663729263763e-03,2.699125912997254757e-03,-1.721372566811858176e-03,-5.215011999759522864e-03,-8.518017442664411326e-03,-1.112197143166519624e-02,-1.337013449437642228e-02
1.191572232282393645e-01,3.542497946042839213e-02,2.225357050564918601e-02,1.488443062990113357e-02,8.484134854976326662e-03,2.906157219781223960e-03,-1.609865246280659098e-03,-5.264158542158922476e-03,-8.982037958713091561e-03,-1.126298568334011679e-02,-1.306955076457072887e-02
1.176252545488019885e-01,3.503727970054978935e-02,2.242364239910352164e-02,1.510363273393605134e-02,8.616509537053299028e-03,2.869276964873782899e-03,-1.506329081303393316e-03,-5.432135555300013699e-03,-9.005497342524581075e-03,-1.145662726348279162e-02,-1.263495215658102036e-02
1.174065510459550848e-01,3.471032588678191894e-02,2.197423343552010536e-02,1.493827780050287213e-02,8.368773116532026574e-03,2.708645994362695458e-03,-1.443729896121557750e-03,-5.307610048609591978e-03,-9.041780910718878045e-03,-1.167936575288601453e-02,-1.372200237884727871e-02
