5.940252848647931821e-02,1.616660409358569236e-02,5.622597719122648594e-03,2.456472104648603494e-03,7.491040993784286658e-04,-3.041269278197511450e-04,-7.869530894152848132e-04,-1.000559776817734094e-03,-1.238812210617210464e-03,-1.454800022263206052e-03,-1.910384150469882211e-03
1.128659264143980212e-01,3.515371265619035568e-02,1.290816610247282753e-02,6.071609499426950697e-03,1.650584817072789498e-03,-1.386731395841652196e-03,-2.168846291761149844e-03,-2.238223118705481764e-03,-1.805847263713476801e-03,-1.013738319534111766e-03,1.834865586491561348e-04
1.643152302255115327e-01,6.031573965855041575e-02,2.234505058368299948e-02,9.792470008020328492e-03,2.680346688100877610e-03,-1.825339403588802393e-03,-3.394736760899561435e-03,-3.643507783390992089e-03,-4.137054064125924441e-03,-2.642533208628691874e-03,-1.318891864801702892e-03
2.059751395627513748e-01,8.897560082036033713e-02,3.793923732739525045e-02,1.613832697766444044e-02,4.604701315661008723e-03,-2.422651032104916006e-03,-4.789863745318401721e-03,-5.569163315483864098e-03,-7.708204200162549480e-03,-8.632013303043027316e-03,-9.666844810494326992e-03
2.523672350512031759e-01,1.196644347911901274e-01,5.756388503453001987e-02,2.433894214762338110e-02,5.740482834752284533e-03,-4.194127195009054662e-03,-6.748377519148750746e-03,-7.466057269737100613e-03,-1.002579914147781574e-02,-1.380251704683498233e-02,-1.630086224416458021e-02
3.031998178611831074e-01,1.537135079524225012e-01,8.037348814769737504e-02,3.638351672493484595e-02,7.873438260635393440e-03,-6.743405511956042722e-03,-1.075938939634002445e-02,-1.092656286928019721e-02,-1.149595032163879850e-02,-1.207642103870769888e-02,-8.229208345449198769e-03
3.695143592890112738e-01,2.023834143992896684e-01,1.137031294252725255e-01,5.884720050094501692e-02,1.955836110080289014e-02,-4.640648233521116328e-03,-1.488302890282051059e-02,-2.029533434321955168e-02,-2.492566280334327505e-02,-2.638303308751729914e-02,-2.281867963263159438e-02
4.350249110992620571e-01,2.535977197022815655e-01,1.504225872587619250e-01,8.553278508483945497e-02,3.503798538166418702e-02,-7.725168599829856497e-04,-2.038039326410297919e-02,-3.215407065292934935e-02,-4.081556365057178309e-02,-4.382865372476305033e-02,-4.200660401821056794e-02
5.208796984298044164e-01,3.256992778445448322e-01,2.015853676719786824e-01,1.195957443533146591e-01,5.469450181708945813e-02,5.443359238639592507e-03,-2.727863434039734525e-02,-4.844574612779304484e-02,-6.327264552815246856e-02,-6.706287837847202393e-02,-6.484324930641267859e-02
5.922371880654931919e-01,3.854995460430539755e-01,2.484457689257213442e-01,1.528359308116575277e-01,7.552254265181063131e-02,1.346404168951935605e-02,-3.242231672373473844e-02,-6.468046098932471455e-02,-8.859888196365178770e-02,-9.569587888632458128e-02,-9.706929860947381694e-02
6.923769771506381732e-01,4.753314287266147131e-01,3.243425241321229446e-01,2.117947249761996664e-01,1.127025804937753367e-01,2.680148934034067357e-02,-4.056337206613629121e-02,-9.064490245612255581e-02,-1.322971458073928797e-01,-1.528671469259407500e-01,-1.680690546382745121e-01
7.977884522388816180e-01,5.751992912948191705e-01,4.062714766164778335e-01,2.728553802247160043e-01,1.525547477076195091e-01,4.358653050369101778e-02,-4.594589598716044415e-02,-1.176761239444286955e-01,-1.854845715737022394e-01,-2.279511271448601550e-01,-2.645877433396510159e-01
9.122728534205898354e-01,6.798709999647276625e-01,4.955887770860273323e-01,3.423311954841255500e-01,1.996657503659099719e-01,6.613914938533715926e-02,-5.030868840838298439e-02,-1.488880142987835664e-01,-2.509286640117562306e-01,-3.224228294039618858e-01,-3.924710011815015775e-01
1.032616667295900958e+00,7.892801597738405839e-01,5.882894014480082312e-01,4.115496863002177652e-01,2.426323797867234178e-01,8.338669028325837451e-02,-5.762246922904461915e-02,-1.786576701087402574e-01,-3.070396924351275758e-01,-4.006256328523405408e-01,-4.934411311748858608e-01
1.171934673620365297e+00,9.115391157764088925e-01,6.880119414418314205e-01,4.843460793035002099e-01,2.855692386901922952e-01,9.798829563461589065e-02,-6.721550040854644414e-02,-2.083209499460072778e-01,-3.608695360592226731e-01,-4.751940275747276732e-01,-5.871472927109175899e-01
1.314466935588717522e+00,1.038387591807168331e+00,7.892291954693455569e-01,5.595056959766133708e-01,3.324221198597271387e-01,1.161750847784988744e-01,-7.477669284453050680e-02,-2.403796050590906452e-01,-4.226474481241654368e-01,-5.617289268749894315e-01,-6.972440476828118960e-01
1.498746904949039838e+00,1.208583819151273664e+00,9.270911506144590142e-01,6.577749703234941903e-01,3.919504396180086836e-01,1.375710731658094932e-01,-8.595634101457134968e-02,-2.831198675261769049e-01,-5.003404167143740144e-01,-6.629626111117916665e-01,-8.207976001501985364e-01
1.682908083307438130e+00,1.376906863077942855e+00,1.064540394181664240e+00,7.576340691049472387e-01,4.515910768320635649e-01,1.585826619525408654e-01,-9.762621026271933733e-02,-3.253806673741201916e-01,-5.781350691071023284e-01,-7.639694162423581458e-01,-9.372784183050637541e-01
1.801543160691772894e+00,1.480382645853597801e+00,1.148937911570933057e+00,8.202421605220782119e-01,4.898284931124133323e-01,1.727141230638589431e-01,-1.037908230085524269e-01,-3.513537533821861625e-01,-6.280883894315192340e-01,-8.362579404063901212e-01,-1.031567020942724122e+00
1.855380866934766004e+00,1.529255076908585309e+00,1.189836560673271260e+00,8.530690561920513115e-01,5.128055806723899046e-01,1.834926916354955306e-01,-1.056097913843553754e-01,-3.660700573692069471e-01,-6.585602996795646424e-01,-8.841280942609258675e-01,-1.102571910556830348e+00
1.919379645882837604e+00,1.588066971109267422e+00,1.241243496319154094e+00,8.953452537047762450e-01,5.437057876453490479e-01,1.993574234303136794e-01,-1.065007263941414734e-01,-3.849417497344318484e-01,-7.032611390427023768e-01,-9.505997120593311367e-01,-1.195097972444694845e+00
1.886770782947390090e+00,1.562137473892458495e+00,1.224353488210562002e+00,8.871625763235572171e-01,5.423597134146868060e-01,2.024079500909237717e-01,-1.033450495395643876e-01,-3.827340977951379508e-01,-7.050899161391676051e-01,-9.519798741188438829e-01,-1.186570954809498923e+00
1.945665430469428525e+00,1.622367765184564714e+00,1.283225837633968913e+00,9.387765264633832762e-01,5.792165784391920536e-01,2.219800281122927821e-01,-1.051879072597175918e-01,-4.073749737615249833e-01,-7.562928682605556396e-01,-1.024678683758571962e+00,-1.275058119616251373e+00
2.058262620247583108e+00,1.728296498163758521e+00,1.375823101280565064e+00,1.012686145146600047e+00,6.294428756032529604e-01,2.449480950606022223e-01,-1.100765660679086794e-01,-4.399686224143987689e-01,-8.238913116326184172e-01,-1.123564484783922346e+00,-1.413758113617522127e+00
2.178776101496698647e+00,1.838732006301766253e+00,1.466165154799554893e+00,1.081291019666794417e+00,6.761642589311730456e-01,2.675912654762963028e-01,-1.138087827819651426e-01,-4.705787167051659892e-01,-8.895994115947056802e-01,-1.223291637357287742e+00,-1.552042792585465403e+00
2.308035115301927398e+00,1.954647606436594298e+00,1.562730886419146259e+00,1.158340795735840700e+00,7.319969446047948081e-01,2.949755135716483623e-01,-1.177975275474111849e-01,-5.082579993288378617e-01,-9.650322942339255583e-01,-1.330896428006891785e+00,-1.692519952891050394e+00
2.396284016265656902e+00,2.033991292671129880e+00,1.629972980880377342e+00,1.211980713978925372e+00,7.703749774519399462e-01,3.135729963581939117e-01,-1.211316484675949295e-01,-5.350580102120420234e-01,-1.016808912678834220e+00,-1.398769602658961553e+00,-1.779796822657151001e+00
2.490646557080827161e+00,2.121915750536783385e+00,1.701721211617988283e+00,1.264718432668600512e+00,8.018968182009926782e-01,3.262730563092793301e-01,-1.284451202567871986e-01,-5.588353833596647613e-01,-1.058348943718459667e+00,-1.445680962460650587e+00,-1.828884975975425764e+00
2.552918958760884927e+00,2.177926482256747676e+00,1.746436832142157947e+00,1.295077731129456122e+00,8.176299288723917202e-01,3.312330328027520143e-01,-1.321691290523762385e-01,-5.710400560711014206e-01,-1.081155890726018365e+00,-1.472359907332195128e+00,-1.843645639715717710e+00
2.645143465059923926e+00,2.256056829664494501e+00,1.804002273387328437e+00,1.333222597941991383e+00,8.373887323160266183e-01,3.358598220784878019e-01,-1.403587450848844120e-01,-5.886295849107328060e-01,-1.101717586599663345e+00,-1.492753754700887336e+00,-1.867807459482657029e+00
2.712821467756317162e+00,2.314000597736550091e+00,1.847901947024787939e+00,1.360854193554327018e+00,8.486424332755068134e-01,3.331072154546927400e-01,-1.505883786899525900e-01,-5.990621430459265317e-01,-1.106348955943400991e+00,-1.488558514996375592e+00,-1.853505833556859272e+00
2.739778027155642892e+00,2.337377499840046280e+00,1.866550349683416599e+00,1.372763842460760664e+00,8.532515411522719750e-01,3.307259158275970279e-01,-1.557711415893033580e-01,-6.029789651435351061e-01,-1.105785585722994346e+00,-1.484749838364939123e+00,-1.848974142846433244e+00
2.866290159167577567e+00,2.460024152575789991e+00,1.972392639545930582e+00,1.456462714475198261e+00,9.081661833263798833e-01,3.534210566532713926e-01,-1.642275526443426892e-01,-6.406291690281158413e-01,-1.175522053287541668e+00,-1.578148580368868403e+00,-1.970690293755006151e+00
3.011494743412920005e+00,2.593424211970073223e+00,2.085574219250575734e+00,1.543761047649212292e+00,9.656114158470325837e-01,3.790227739697299425e-01,-1.702516779286192827e-01,-6.802367348320881302e-01,-1.255175528058743994e+00,-1.685061708133706926e+00,-2.093466227448384398e+00
3.155885234364305791e+00,2.723228115531517002e+00,2.191393764849627779e+00,1.620561027015056110e+00,1.012546148297208903e+00,3.962176377556417273e-01,-1.785216060264958882e-01,-7.115916931633857745e-01,-1.316066809479859989e+00,-1.775060689006119352e+00,-2.213255910783723301e+00
3.233730027796487327e+00,2.790901985295329624e+00,2.241414406692368910e+00,1.652752922710180927e+00,1.030490335645803723e+00,4.003517707274309445e-01,-1.828135150194475367e-01,-7.212227910131600028e-01,-1.338853138471925774e+00,-1.818283886905572189e+00,-2.288438914765258403e+00
3.226306441769509981e+00,2.782638872857278844e+00,2.231206195507940748e+00,1.640328907422444971e+00,1.017381575371582914e+00,3.887432705478525707e-01,-1.861826590814929794e-01,-7.112737863949026851e-01,-1.315668588479937950e+00,-1.787895368370729932e+00,-2.254750395918617034e+00
3.152395001531070218e+00,2.712692184822424579e+00,2.171600942241541432e+00,1.590993458488357382e+00,9.794617417458842956e-01,3.657993915596021717e-01,-1.857427044679182404e-01,-6.857020253104110230e-01,-1.259347931551665356e+00,-1.707354394513239004e+00,-2.149397140007101914e+00
3.128016857785639093e+00,2.686053177374310152e+00,2.146490948418931843e+00,1.568742375389685417e+00,9.613626950845582941e-01,3.538402056040718668e-01,-1.880122790376815289e-01,-6.763056099444667568e-01,-1.230862798862310203e+00,-1.652290489444488975e+00,-2.051170002906683720e+00
3.089645713650484460e+00,2.642429055048014508e+00,2.104277211588115648e+00,1.536337579538042286e+00,9.394306269560537270e-01,3.461031469045532383e-01,-1.869418122074926192e-01,-6.660980061420332943e-01,-1.200963387957155071e+00,-1.598289103901882058e+00,-1.961947516377584133e+00
3.059587702300787804e+00,2.609517184184267258e+00,2.073411152255157486e+00,1.513783622796385675e+00,9.260196085233733942e-01,3.435664175389397390e-01,-1.841637534417906175e-01,-6.581887897839907575e-01,-1.185369640453802997e+00,-1.575288643320655213e+00,-1.941255570780911599e+00
2.971539979150109811e+00,2.531086043257220197e+00,2.010547072964205206e+00,1.468336389442752576e+00,9.012591986751409268e-01,3.385867066068186659e-01,-1.740059296241839026e-01,-6.379506974697822796e-01,-1.161360176787818999e+00,-1.555123007093100140e+00,-1.928318171519156854e+00
2.911084419967941539e+00,2.480365247595094580e+00,1.975018013562628516e+00,1.449096966972072797e+00,8.961593868839985433e-01,3.451123980122137724e-01,-1.638419150326236862e-01,-6.294360888525244446e-01,-1.164775331481874066e+00,-1.581431943062519663e+00,-1.993560663837193880e+00
2.889566207158312583e+00,2.457565760183688663e+00,1.956270164289937386e+00,1.439738976428189154e+00,8.975908069411671075e-01,3.506664219462689580e-01,-1.584571062265953678e-01,-6.275172646460073222e-01,-1.170512088425818442e+00,-1.598051022254339371e+00,-2.022896882392275497e+00
2.772968266098499335e+00,2.350391461876159216e+00,1.866251851834863640e+00,1.372052528470339983e+00,8.571392067398666548e-01,3.373962411928226324e-01,-1.488044572080634564e-01,-6.008434874145601734e-01,-1.123493750066834940e+00,-1.525195898869907696e+00,-1.924961409891867703e+00
2.688875886777261748e+00,2.270991499580461870e+00,1.797210607508177960e+00,1.315366358866420393e+00,8.183961697352087894e-01,3.213017341617287470e-01,-1.433004531328436748e-01,-5.765499507285236636e-01,-1.075111158833461200e+00,-1.455043869402083745e+00,-1.822424031213398354e+00
2.582196781154883158e+00,2.173015576967641582e+00,1.713832657006856275e+00,1.249821087906945127e+00,7.744719868731770873e-01,3.008085917194928127e-01,-1.361618438483022664e-01,-5.437225439741231181e-01,-1.018966835231646328e+00,-1.386319768431116373e+00,-1.739985366982701009e+00
2.508598907720993143e+00,2.107095545748247645e+00,1.659140674755172240e+00,1.208162810867494219e+00,7.464084706486480147e-01,2.876585033244540845e-01,-1.317959594636338438e-01,-5.227217162452497679e-01,-9.821559548337617240e-01,-1.341670368462158480e+00,-1.689515525277148100e+00
2.478042030803123463e+00,2.079089543085367531e+00,1.634362054107338924e+00,1.185637710713247639e+00,7.283315452276207802e-01,2.760048615752814793e-01,-1.340197489951251708e-01,-5.124994847951922505e-01,-9.502425368162871200e-01,-1.296895010911351287e+00,-1.639185089396669515e+00
2.418501368972585830e+00,2.022462687521532132e+00,1.583269515646689829e+00,1.140556150444273387e+00,6.937270532122679079e-01,2.542125060698897654e-01,-1.385790831089550867e-01,-4.924363894733326252e-01,-8.920812305669945097e-01,-1.202968972230082478e+00,-1.505769173787082638e+00
2.325398067590175977e+00,1.937612047876523746e+00,1.507170624296493955e+00,1.076204345249333949e+00,6.435687948367405653e-01,2.223556551349536448e-01,-1.434756205227903370e-01,-4.624570598263013643e-01,-8.112165063769494200e-01,-1.068672019168668275e+00,-1.310174375929654023e+00
2.290081613854552334e+00,1.901379407640106489e+00,1.470080202356226051e+00,1.043380217140075228e+00,6.167220993808103513e-01,2.055470514383186953e-01,-1.466673892243258170e-01,-4.474678147893996205e-01,-7.680420681227582147e-01,-9.968500373216589994e-01,-1.212950526980884236e+00
2.285695780830129475e+00,1.894394981468024319e+00,1.465191115840735803e+00,1.036386349783730232e+00,6.090623848340397384e-01,2.001742160582705987e-01,-1.483336382395663844e-01,-4.436409166249404290e-01,-7.559459315403761481e-01,-9.760607654247256404e-01,-1.183014618040260757e+00
2.318605384877173492e+00,1.929435593038788976e+00,1.497191360825828266e+00,1.060645701397694429e+00,6.222742288423871448e-01,2.024697482973592810e-01,-1.517663012676568057e-01,-4.515570792759979746e-01,-7.706346175176336244e-01,-9.991094907103766909e-01,-1.213697776324160094e+00
2.365255276305598287e+00,1.978617454173998036e+00,1.543100251187236260e+00,1.099779451521791351e+00,6.486912989445730027e-01,2.121214581709958968e-01,-1.549592734756090051e-01,-4.676374947063005050e-01,-8.030290728136345590e-01,-1.046823122601182376e+00,-1.271303685614137535e+00
2.345599107890226520e+00,1.962225690943925960e+00,1.534754465629717179e+00,1.097468232413803202e+00,6.492978504884365787e-01,2.126156552412996892e-01,-1.536903131101006736e-01,-4.658541200495059376e-01,-8.020612010350269827e-01,-1.052398722821261012e+00,-1.290512391968811512e+00
2.338436356408471362e+00,1.954798775642565101e+00,1.528623938053630615e+00,1.094522452473277063e+00,6.497775912566798873e-01,2.167254419955153000e-01,-1.487784159965828690e-01,-4.636164894488727373e-01,-8.107380089313547256e-01,-1.073748862217944744e+00,-1.323305974553790065e+00
2.367815062573260576e+00,1.976269261947901867e+00,1.543264589598076775e+00,1.105803140990355260e+00,6.597270916337619751e-01,2.250646325015026594e-01,-1.466977742571595189e-01,-4.704080487008185374e-01,-8.304767147638195679e-01,-1.101344450239087225e+00,-1.360741709570238323e+00
2.370890838779576626e+00,1.978242881289159705e+00,1.544552082222304890e+00,1.108115030861553052e+00,6.615945213521753354e-01,2.285268827096720579e-01,-1.460677142176819987e-01,-4.729137170438399429e-01,-8.340667436490114550e-01,-1.109339685221139016e+00,-1.377478598449859204e+00
2.351019680354914598e+00,1.964765246092133877e+00,1.537085146907203104e+00,1.104110657325541922e+00,6.622602832163227982e-01,2.318255187939098072e-01,-1.450205654516291964e-01,-4.751806107972566529e-01,-8.342976707600912034e-01,-1.106445922775024737e+00,-1.374745504010013830e+00
2.320647433601507714e+00,1.938825552650706774e+00,1.516671524882178268e+00,1.091723052351408541e+00,6.553817740497792643e-01,2.292998526037619278e-01,-1.438649596371448236e-01,-4.705400546267166084e-01,-8.243503428354130858e-01,-1.088785515671720550e+00,-1.349478940284279060e+00
2.314144776068186804e+00,1.931458702664600624e+00,1.510351035581724677e+00,1.087630213960439463e+00,6.524102680989255498e-01,2.258055964853711572e-01,-1.452553414476654425e-01,-4.681803328157067567e-01,-8.169732004603140751e-01,-1.075313804884775237e+00,-1.323891601698310660e+00
2.294725366547042622e+00,1.919458525881620137e+00,1.508144671351985044e+00,1.089451467701393117e+00,6.542892851956926270e-01,2.262923163763568279e-01,-1.449301952943300442e-01,-4.671753947325100742e-01,-8.193744845749584282e-01,-1.080442211852993273e+00,-1.325848769368099145e+00
2.347397330883477462e+00,1.976904214600404108e+00,1.564122319561605634e+00,1.135832702257132398e+00,6.859742713136282033e-01,2.409801000478961064e-01,-1.477577612489007208e-01,-4.868461220543058299e-01,-8.617249843448030466e-01,-1.144577565039897937e+00,-1.419097332147288171e+00
2.405759815710780014e+00,2.030084648764466593e+00,1.606142138819641740e+00,1.167288822218154332e+00,7.081359133100821879e-01,2.522510291067175947e-01,-1.496415587008705916e-01,-5.029669953929408743e-01,-8.926437560480021682e-01,-1.186584664625271124e+00,-1.467026764080583856e+00
2.484202320420045851e+00,2.090368052032362645e+00,1.648103799015420146e+00,1.195245225347218998e+00,7.265467440886251849e-01,2.599833936972936743e-01,-1.527618022285981703e-01,-5.169493665581771369e-01,-9.178824204443586376e-01,-1.216943271132568061e+00,-1.501582478457609948e+00
2.474331565500045294e+00,2.082851739591546014e+00,1.639946857490636845e+00,1.190099327906762205e+00,7.251966819885569127e-01,2.644434231129620394e-01,-1.490537957480516096e-01,-5.165172231222785459e-01,-9.218164676734417196e-01,-1.228705346550422295e+00,-1.520698813103071645e+00
2.468265027007692236e+00,2.078938412514435008e+00,1.639819380922015624e+00,1.191111798992775306e+00,7.282212647168764263e-01,2.718591419881718485e-01,-1.455588150526389846e-01,-5.202097948513904058e-01,-9.336196582849366488e-01,-1.242496013787135700e+00,-1.539657719715413764e+00
2.438639686458989875e+00,2.057187334712350602e+00,1.627385652453829934e+00,1.187106609228420817e+00,7.321629386240429138e-01,2.805849769727273846e-01,-1.397981218059768105e-01,-5.227328682243003177e-01,-9.463446141288882618e-01,-1.257763340921735251e+00,-1.563862370302238958e+00
2.390373084934854120e+00,2.014224352074602820e+00,1.596945631889400197e+00,1.170413836301730681e+00,7.284160905817466114e-01,2.821611900186269395e-01,-1.364129587708214630e-01,-5.179219482021144572e-01,-9.398765758585372332e-01,-1.252242231140631823e+00,-1.558726604041256847e+00
2.313546365475855904e+00,1.942641813901658132e+00,1.536412611767563607e+00,1.124619671663567022e+00,6.964080416202981239e-01,2.668176454355450367e-01,-1.299629287273137423e-01,-4.923766152476640734e-01,-9.001011554986004803e-01,-1.212780137882349951e+00,-1.518544147586558202e+00
2.258685444814145349e+00,1.886876687492472504e+00,1.485701621037133879e+00,1.082277722597353220e+00,6.661391159293125197e-01,2.533782380964796355e-01,-1.224269103621169336e-01,-4.677342500899371314e-01,-8.673746533927773061e-01,-1.185782260599866023e+00,-1.504649192152045512e+00
2.277313366939220707e+00,1.900463034940915730e+00,1.491687937917217877e+00,1.082544083280330804e+00,6.626696011377887219e-01,2.488107267905665110e-01,-1.224980491770290975e-01,-4.635481722272252747e-01,-8.646295430877042332e-01,-1.188719009345536648e+00,-1.509085596471657409e+00
2.250355588166138787e+00,1.877264953834243633e+00,1.475708447071288010e+00,1.070878248347739925e+00,6.556385850290940009e-01,2.445149753452784680e-01,-1.220248917524130033e-01,-4.581533679172944407e-01,-8.535279738805727767e-01,-1.170207815354959768e+00,-1.486117633294757212e+00
2.231389828265406550e+00,1.865112885939121279e+00,1.471277640260462150e+00,1.071564788011491798e+00,6.559085454151326600e-01,2.414306179273948694e-01,-1.266009847314867875e-01,-4.609376958668577884e-01,-8.440984958416317685e-01,-1.141206191201081355e+00,-1.435767385505214211e+00
2.169720032436649237e+00,1.813437215124283464e+00,1.433017696104484706e+00,1.046771105116655720e+00,6.423992776603784094e-01,2.380800251596469908e-01,-1.237675857090534265e-01,-4.521578717646195789e-01,-8.261139161350854465e-01,-1.112337095852088842e+00,-1.389786745657001221e+00
2.089042507068571197e+00,1.742706667256920250e+00,1.376606793415356966e+00,1.005599020725503667e+00,6.183077510024572732e-01,2.319350176671488850e-01,-1.189475465167071644e-01,-4.374553468998650385e-01,-7.963191229380046643e-01,-1.067198405310913589e+00,-1.322625061112693734e+00
2.111879564508276630e+00,1.766557913169676919e+00,1.397453306061526845e+00,1.020401494537428233e+00,6.269063251320068364e-01,2.344780719954477621e-01,-1.230131384240705922e-01,-4.450544984136705629e-01,-8.034494133349207035e-01,-1.072261033610482972e+00,-1.331208998413848210e+00
2.154975190718740663e+00,1.804310271321056813e+00,1.430686061311621682e+00,1.047954394228461039e+00,6.472093298051386778e-01,2.451296485093602817e-01,-1.247295008433799285e-01,-4.602649783052200072e-01,-8.298643738581723550e-01,-1.106110430727697436e+00,-1.375230133144942801e+00
2.192811859635470206e+00,1.835427386423039042e+00,1.455349522348422298e+00,1.069912285582251599e+00,6.652346867079437231e-01,2.568982711096110538e-01,-1.234099785874092636e-01,-4.708713343996752121e-01,-8.586271314853042291e-01,-1.151810049972967764e+00,-1.440419930447066621e+00
2.208061945529715242e+00,1.847933410116503694e+00,1.461195013139251042e+00,1.072661919336755476e+00,6.676367795366618951e-01,2.596376247828829920e-01,-1.231330208018307365e-01,-4.722733715777744923e-01,-8.652151043256404161e-01,-1.161493863484704958e+00,-1.445278305625859350e+00
2.131959960790174247e+00,1.778207848767052734e+00,1.400754384339778724e+00,1.025575114379992048e+00,6.376607539762402244e-01,2.492108872376356254e-01,-1.173110593883968794e-01,-4.527427019834482924e-01,-8.290802636803694670e-01,-1.111313305351453673e+00,-1.382212845957157210e+00
2.106500768479814489e+00,1.751902401184492364e+00,1.376653461136083445e+00,1.003390933285026376e+00,6.192427803818384424e-01,2.379940585287570465e-01,-1.180404067846833049e-01,-4.425654996829240240e-01,-8.017547084934245616e-01,-1.066107350087860839e+00,-1.316231874975114291e+00
2.056063459784530867e+00,1.709413445660591613e+00,1.343843313624762947e+00,9.758200794883495899e-01,5.954116230060644277e-01,2.230603025577505560e-01,-1.174646362147123979e-01,-4.253121188963466248e-01,-7.684471699153284652e-01,-1.022596576601646268e+00,-1.262214630239002933e+00
2.108470546309479055e+00,1.754047805749018529e+00,1.381526613457366937e+00,1.004685951226290008e+00,6.148743237324283406e-01,2.320488568280753838e-01,-1.182661765526710068e-01,-4.363208726259923953e-01,-7.968111801549128126e-01,-1.070535178385217945e+00,-1.333399982835050457e+00
2.188179209417738136e+00,1.826120904091118158e+00,1.436491933955482025e+00,1.045803060103824400e+00,6.434746442933916288e-01,2.447095180786926782e-01,-1.202563440328714706e-01,-4.559300055697076415e-01,-8.364990979503332813e-01,-1.125156433426525826e+00,-1.407376192063505282e+00
2.224306153953585330e+00,1.855698948160462880e+00,1.460349449910873343e+00,1.068592299623567277e+00,6.636835785332289017e-01,2.587574774648931375e-01,-1.169441704327725262e-01,-4.678375408752726838e-01,-8.705045593396001369e-01,-1.179098513227855749e+00,-1.474674512046660890e+00
2.196913583202678932e+00,1.832460992805749811e+00,1.445306998149607391e+00,1.062632211893134171e+00,6.673221074937596420e-01,2.697934954342191549e-01,-1.076440149549603570e-01,-4.668184389532631928e-01,-8.895610098846774560e-01,-1.216371322158305901e+00,-1.524852246549374568e+00
2.145364319094701600e+00,1.792594368226966717e+00,1.419101902780359747e+00,1.047550062809923244e+00,6.629703024328067462e-01,2.716528515297272350e-01,-1.019580529500189042e-01,-4.605558212220115522e-01,-8.879854015963383196e-01,-1.221570070188565893e+00,-1.538904485679359002e+00
2.131664565152062263e+00,1.784453539448177528e+00,1.415817480254317973e+00,1.047403603801183358e+00,6.646091806871833318e-01,2.731988565405377156e-01,-1.036845195520762208e-01,-4.623377218595210447e-01,-8.842368586698623467e-01,-1.219694887370351033e+00,-1.554017207311165771e+00
2.122202867020517303e+00,1.778204625974566078e+00,1.415158438261499452e+00,1.049069423563934844e+00,6.651513194790837913e-01,2.726664461765258562e-01,-1.050590455165037185e-01,-4.645183923313240260e-01,-8.812080293218917948e-01,-1.210082627166650493e+00,-1.542057833492166852e+00
2.188094542624580807e+00,1.838660337393744459e+00,1.468591680442224767e+00,1.091288146435329232e+00,6.899867690458905134e-01,2.778625277018659800e-01,-1.137636594135268686e-01,-4.814735141102472471e-01,-9.065667593543461633e-01,-1.233831227439464273e+00,-1.553603561637768360e+00
2.272558803947037021e+00,1.918155808324632838e+00,1.532509779120610816e+00,1.137337987884762702e+00,7.162734053186220473e-01,2.832634642710630812e-01,-1.229096257147622717e-01,-5.001196225857382771e-01,-9.339503361963483741e-01,-1.264614628087716408e+00,-1.587695709346743644e+00
2.279992741777604248e+00,1.923463906907265208e+00,1.533368494599000487e+00,1.133575610162190106e+00,7.110542951483254104e-01,2.797288076581593841e-01,-1.247826350005887958e-01,-4.987206944229581884e-01,-9.252430681240437771e-01,-1.250515516140852990e+00,-1.566354359032663845e+00
2.272711871297049768e+00,1.912708019720918307e+00,1.520144583200090160e+00,1.118986713515020437e+00,6.972205545744656341e-01,2.692476547629185091e-01,-1.264498613741098509e-01,-4.896697026737233949e-01,-9.028243076647715082e-01,-1.220257732244957483e+00,-1.532772930009470347e+00
2.261074254881380696e+00,1.905612000980170251e+00,1.513299417436584582e+00,1.110097898000924843e+00,6.872754543079168110e-01,2.611858692044656816e-01,-1.287418142328538295e-01,-4.852704792488168883e-01,-8.860011051558294159e-01,-1.188665400857285448e+00,-1.483829114500699209e+00
2.310640410565939273e+00,1.955446510658942261e+00,1.554346946809858521e+00,1.137890762083277441e+00,7.032556871508651719e-01,2.656773019690636395e-01,-1.358252482700582076e-01,-4.991447358020914549e-01,-9.034971437417931295e-01,-1.196060291604414072e+00,-1.466823822013788359e+00
2.380735697403090434e+00,2.011845123129873070e+00,1.599704846923554635e+00,1.175441328877038671e+00,7.289072024771605651e-01,2.786061315621791157e-01,-1.375017540482981193e-01,-5.164117914303595347e-01,-9.387016788819849689e-01,-1.250754462852814219e+00,-1.541647541766944851e+00
2.444235237246946468e+00,2.068369002023441539e+00,1.643124141361564261e+00,1.207178589066829622e+00,7.478419182828178746e-01,2.860940245538942106e-01,-1.396182504496346344e-01,-5.277891650375468036e-01,-9.651579458516421628e-01,-1.297522664435886597e+00,-1.619454408672173829e+00
2.509674090013712000e+00,2.127049831183816853e+00,1.692106362148676491e+00,1.245195114773335554e+00,7.738487674131252492e-01,2.987096795390956627e-01,-1.391199041046623230e-01,-5.423604056765172210e-01,-1.005347550830297365e+00,-1.364964698670014132e+00,-1.718498036170020393e+00
2.488481165829924624e+00,2.110230350893848694e+00,1.680334927475668261e+00,1.236185922211426202e+00,7.678727485615042259e-01,2.975534625645603892e-01,-1.343201838767257572e-01,-5.354898993770718096e-01,-1.003316048121748905e+00,-1.375778196588810953e+00,-1.747499707483123332e+00
2.471884594877479024e+00,2.097677335755226746e+00,1.671359129633888996e+00,1.228070561485812284e+00,7.621329621962263934e-01,2.942146522579172085e-01,-1.334290609350674284e-01,-5.304726666328699602e-01,-9.959291015939686353e-01,-1.368587062756667416e+00,-1.743463010085687825e+00
2.506780623195068003e+00,2.128188205164882163e+00,1.696732126763590420e+00,1.246170130902292117e+00,7.743992196474592804e-01,2.988248996488936937e-01,-1.384636567201442403e-01,-5.418487641903302343e-01,-1.007573971067203589e+00,-1.371701765407774110e+00,-1.730987819898645030e+00
2.593997453141051679e+00,2.203177496915559974e+00,1.758694690511166225e+00,1.296115796847870261e+00,8.080683915947807217e-01,3.150441366963357970e-01,-1.441726805539711997e-01,-5.679775994777995773e-01,-1.050823329547335483e+00,-1.419376448549553693e+00,-1.782554744987123740e+00
2.688989530431926234e+00,2.290091435867135594e+00,1.832160915840195914e+00,1.353685346240160570e+00,8.457971786109739210e-01,3.296182407532749492e-01,-1.514074475548477239e-01,-5.956226488734333024e-01,-1.097067851728358745e+00,-1.471383767013616728e+00,-1.832262712565297269e+00
2.803048074008484658e+00,2.399019193900880698e+00,1.926990972067685881e+00,1.426855025062730764e+00,8.934344334294774814e-01,3.513392628031782872e-01,-1.564267556866910658e-01,-6.279060915653972286e-01,-1.164084221861494184e+00,-1.563167788643033518e+00,-1.940969935527513845e+00
2.890398625609462702e+00,2.488319034821848241e+00,2.008128724880560156e+00,1.492424722863352038e+00,9.390388401652494110e-01,3.738527055757703832e-01,-1.588188598439283228e-01,-6.565514829478613645e-01,-1.228132023769070935e+00,-1.661925996300288810e+00,-2.079092134307053641e+00
2.983861579157848887e+00,2.581688983088168854e+00,2.092631580242141354e+00,1.561746261490781107e+00,9.871635322646696853e-01,3.962469771607679547e-01,-1.634448532131847764e-01,-6.866150271747888389e-01,-1.291242353682663824e+00,-1.760333365613527601e+00,-2.219294801761679814e+00
3.066934713961653625e+00,2.649190659428105388e+00,2.145312191355254861e+00,1.602244471847628304e+00,1.012376237015435443e+00,4.053021394004684974e-01,-1.678239620098047613e-01,-7.019191292495379209e-01,-1.323058680280589039e+00,-1.811635548759931602e+00,-2.294822153304987289e+00
3.038125169543138160e+00,2.610415660966072693e+00,2.104729635379287700e+00,1.569397805066565343e+00,9.894851700504282421e-01,3.926370776004513008e-01,-1.668162451358849441e-01,-6.864420868022855782e-01,-1.289830036991115980e+00,-1.764390540281808750e+00,-2.226088369906048303e+00
3.081411319794177928e+00,2.645913404433153371e+00,2.128105790988099599e+00,1.578896836158248274e+00,9.880184136021094021e-01,3.847417098928765378e-01,-1.754739731421380289e-01,-6.912083568086245799e-01,-1.277436319224435568e+00,-1.732008914737335648e+00,-2.179925197990943531e+00
3.057489426748799310e+00,2.625638764883404086e+00,2.105871008781122100e+00,1.552288965393974429e+00,9.604431445171776049e-01,3.641365301488804773e-01,-1.812158941084076047e-01,-6.771408911107212880e-01,-1.232684821032095535e+00,-1.653108281287647197e+00,-2.060274878696104484e+00
3.043198959814625848e+00,2.611850668925203678e+00,2.086062551645634144e+00,1.526055735558525139e+00,9.327753845378117248e-01,3.396167798865454279e-01,-1.905363746156304716e-01,-6.628835854306331932e-01,-1.181108730308232824e+00,-1.560790145522430228e+00,-1.918527907944934885e+00
3.040092641618200364e+00,2.605747748258848251e+00,2.078908228371207034e+00,1.516949976863393612e+00,9.213383556968696153e-01,3.268006865611715051e-01,-1.996795956273692829e-01,-6.590503033707200142e-01,-1.150817420515111156e+00,-1.501325558250519165e+00,-1.825430829472056038e+00
2.933294749874246765e+00,2.499424204086322376e+00,1.986117442698047464e+00,1.447756371380756635e+00,8.777005939150328562e-01,3.094828872082737159e-01,-1.927269376629217046e-01,-6.284377144461600340e-01,-1.093519646163269687e+00,-1.425748527887596317e+00,-1.737799220171977410e+00
2.867413314926730017e+00,2.439486684407552453e+00,1.937416589022627367e+00,1.411454607416311680e+00,8.571396611208875749e-01,3.066361309914790723e-01,-1.832975714656772670e-01,-6.131970106123346698e-01,-1.076702279564167419e+00,-1.411552453662853202e+00,-1.726064188324224924e+00
2.823857835920129844e+00,2.405704811877749982e+00,1.911415299857383232e+00,1.391710992170185568e+00,8.468920710978349309e-01,3.064773600778176732e-01,-1.779009545638630951e-01,-6.052187592569766572e-01,-1.070515951973997293e+00,-1.405283250862926714e+00,-1.720887435456765813e+00
2.756106910409295008e+00,2.343915987581518312e+00,1.859160034856880417e+00,1.353204710964768021e+00,8.255165768095817924e-01,3.013409381487396899e-01,-1.718939619900037019e-01,-5.902392656304704666e-01,-1.045526250590866679e+00,-1.374976131388295331e+00,-1.685427532221541957e+00
2.672786453487383085e+00,2.260355676144393922e+00,1.785579724217373876e+00,1.295312547831664718e+00,7.863328426795117565e-01,2.828519527222309593e-01,-1.674501024523967763e-01,-5.628266273185912327e-01,-9.923170815342633455e-01,-1.305229301465564262e+00,-1.602112615836501108e+00
2.618306635891916478e+00,2.212043980779363483e+00,1.745955022558991709e+00,1.261626390833388456e+00,7.602143355827143401e-01,2.676594738571614340e-01,-1.652849377544869935e-01,-5.441717927873571670e-01,-9.566656370788365615e-01,-1.259199017068187043e+00,-1.549126257889674063e+00
2.587477469817077491e+00,2.189538620874713626e+00,1.728230299275485882e+00,1.246984394846921251e+00,7.509793098353488849e-01,2.630230628568020479e-01,-1.620298073429172481e-01,-5.351939398556568861e-01,-9.473785916426077369e-01,-1.253057676810418242e+00,-1.540139727677221071e+00
2.582216373939151044e+00,2.185903245609519541e+00,1.727791908428203183e+00,1.251752634734413894e+00,7.583797388467670153e-01,2.705586218034132795e-01,-1.567310162337991752e-01,-5.365465722861572084e-01,-9.640234934819910118e-01,-1.289152171659507795e+00,-1.606185703875438575e+00
2.483261218783777924e+00,2.099814645244273859e+00,1.664227389544002955e+00,1.212980184284637941e+00,7.444568656395940121e-01,2.754438831427603596e-01,-1.429298583793420230e-01,-5.217230336759668408e-01,-9.571225815944045534e-01,-1.300508725725419978e+00,-1.639426113660058304e+00
2.402792293265212820e+00,2.026689162236800623e+00,1.610293072872261089e+00,1.179919643338462887e+00,7.289899564295378998e-01,2.765422212706016847e-01,-1.318879148231797416e-01,-5.071953144444908412e-01,-9.469280421396978342e-01,-1.302025161785015372e+00,-1.659002060418142577e+00
2.300014741537199203e+00,1.936054736971296375e+00,1.538121157886431778e+00,1.130318484081268116e+00,7.017518468959670352e-01,2.711580865899684278e-01,-1.209477291135727384e-01,-4.853903796204726562e-01,-9.200104113151992280e-01,-1.275676454470551002e+00,-1.636076439882108380e+00
2.300763070579615377e+00,1.934072448012734924e+00,1.533363779761930390e+00,1.126194671552732451e+00,7.003687076468061434e-01,2.731552551119220129e-01,-1.193931809446278219e-01,-4.863145759335910090e-01,-9.209903307110322013e-01,-1.272818819404366586e+00,-1.632153249078138968e+00
2.375212194022506385e+00,2.001859473563893488e+00,1.590641961419512196e+00,1.167328342892312465e+00,7.259859702581138441e-01,2.842640852699386822e-01,-1.259183551726735517e-01,-5.076072980145615032e-01,-9.520617612193749135e-01,-1.305976308115877060e+00,-1.665955249427814033e+00
2.492848383635281717e+00,2.112043010194408765e+00,1.680778477741894816e+00,1.232582103638437676e+00,7.658917153130070377e-01,2.977136972356701494e-01,-1.381436251471773458e-01,-5.390620174110026808e-01,-9.968586390789513363e-01,-1.350653803108578854e+00,-1.697988949675157455e+00
2.546281480994355473e+00,2.158931940775401515e+00,1.716106361109909662e+00,1.258898301093764216e+00,7.816415142256385451e-01,3.001614939307566399e-01,-1.456692625103952199e-01,-5.511931391033656480e-01,-1.008795771379064954e+00,-1.358850281530351367e+00,-1.698829119611694694e+00
2.586232104642063767e+00,2.191065609835158412e+00,1.743272569395638127e+00,1.281408018704851548e+00,7.971500075171431554e-01,3.069058900429431080e-01,-1.473818119917890135e-01,-5.608015743822162280e-01,-1.029096824368845198e+00,-1.388508174317192978e+00,-1.741362967099708170e+00
2.551040803280153035e+00,2.162261886681596579e+00,1.720216976273915011e+00,1.266696522912359457e+00,7.907981963444639106e-01,3.078173574560987835e-01,-1.400917935831477446e-01,-5.542648155592023729e-01,-1.028668643606646782e+00,-1.396553309420429434e+00,-1.753958493385189721e+00
2.550277311086774912e+00,2.158183562988330362e+00,1.712894085672386435e+00,1.261671824163161038e+00,7.893547142463814836e-01,3.091668820799323703e-01,-1.363427655237499925e-01,-5.513777726107604860e-01,-1.031641035220312030e+00,-1.408520907861979365e+00,-1.777465411033137155e+00
2.593875724038238850e+00,2.195116543363332617e+00,1.743620048507507514e+00,1.283290462469028004e+00,8.006053929530935198e-01,3.121808934539139213e-01,-1.382059878207475556e-01,-5.573680015135431542e-01,-1.046939340473016733e+00,-1.439092643023284879e+00,-1.831423165154401733e+00
2.616438864336509074e+00,2.222382707051256290e+00,1.760922061309625253e+00,1.288987412412076594e+00,8.013250213100954200e-01,3.103513425815612181e-01,-1.408653147288528862e-01,-5.591203315381243488e-01,-1.045953900886932963e+00,-1.441693648160993435e+00,-1.839925795554711474e+00
2.661369564755065920e+00,2.262044253166323848e+00,1.791200664367582629e+00,1.307316641085544351e+00,8.108736300281784715e-01,3.141406947737145350e-01,-1.465297030551901414e-01,-5.695147784206308073e-01,-1.056781334767568969e+00,-1.443218446257539034e+00,-1.826461067491937929e+00
2.714666155095417643e+00,2.304609302044603680e+00,1.824728019770692544e+00,1.331415102770298953e+00,8.243881261777817882e-01,3.204050690871347862e-01,-1.500381390764972955e-01,-5.817717630549289476e-01,-1.075381376375235787e+00,-1.460353333943156251e+00,-1.836621615550819042e+00
2.721692147035170706e+00,2.309561697490656318e+00,1.825109797777125564e+00,1.329309128861190903e+00,8.198181635337259410e-01,3.167768229623165177e-01,-1.512080698094960540e-01,-5.814442260751649938e-01,-1.068917332511175822e+00,-1.442705117641582380e+00,-1.808110465543125489e+00
2.686020077349673407e+00,2.279742399631492944e+00,1.801502956799924338e+00,1.308633147379438144e+00,8.025275139926942858e-01,3.053684567198127198e-01,-1.534249492942804938e-01,-5.708958387747818941e-01,-1.041328992359653816e+00,-1.396127710673821909e+00,-1.737377305690030127e+00
2.660731766744558691e+00,2.255883135168874176e+00,1.779879242540618245e+00,1.286840925959958026e+00,7.835839050767001712e-01,2.912601546288252630e-01,-1.567575645310698429e-01,-5.606128816916849944e-01,-1.009848926954028059e+00,-1.338251354199770704e+00,-1.644705590113017424e+00
2.616842983263978795e+00,2.214185578417207090e+00,1.744068951869109485e+00,1.258353855561095136e+00,7.622238662556398703e-01,2.779787336103357598e-01,-1.590509702557235949e-01,-5.484432694125411789e-01,-9.727401882189901094e-01,-1.279560069841828351e+00,-1.564627506724523887e+00
2.571478753505233250e+00,2.171306924770356694e+00,1.709231822216735974e+00,1.235620775180140019e+00,7.485436558589512179e-01,2.709720105036179105e-01,-1.591337712060541809e-01,-5.385011947531384013e-01,-9.494839544167693601e-01,-1.244013062588197105e+00,-1.520451181293779319e+00
2.617509667957587993e+00,2.216240859239156258e+00,1.751404567638509935e+00,1.268720216319473959e+00,7.682616840943041758e-01,2.766050653997149111e-01,-1.640516301906291274e-01,-5.507444705736199708e-01,-9.717378984643240125e-01,-1.276663022792385194e+00,-1.563016458888863314e+00
2.724415064642253803e+00,2.318938143803503049e+00,1.841545306939557314e+00,1.342171182956715780e+00,8.206205536571083980e-01,3.044398590927592241e-01,-1.636820155467816618e-01,-5.845235637153260999e-01,-1.050983512140560849e+00,-1.392805781682583177e+00,-1.714116053093787562e+00
2.752830279680406278e+00,2.344704093724728544e+00,1.864593242048074639e+00,1.365682910203794842e+00,8.456437988929007554e-01,3.249824564105376346e-01,-1.581813579371745548e-01,-6.000773460939741177e-01,-1.094235547783254825e+00,-1.459710993568066995e+00,-1.807160554232297267e+00
2.765276012042516829e+00,2.359446701651380707e+00,1.882684310412326978e+00,1.387759651423280394e+00,8.681990533595385084e-01,3.413232251521656768e-01,-1.558668353501335979e-01,-6.133900434861793149e-01,-1.126938042416747887e+00,-1.512339502340512398e+00,-1.884165083891459869e+00
2.743174669880084071e+00,2.340741776237147409e+00,1.867886340159319314e+00,1.377099790314319394e+00,8.616767611525820714e-01,3.393704009744568095e-01,-1.539364081640227921e-01,-6.077608492119264127e-01,-1.119722885718694050e+00,-1.507442078524640960e+00,-1.881571916182095849e+00
2.623344109973037241e+00,2.218771766811495905e+00,1.759983073459192804e+00,1.292300069735478729e+00,8.045184890729787375e-01,3.130901758971598725e-01,-1.485390156935248451e-01,-5.685867668864325042e-01,-1.041212718744391363e+00,-1.401774103757708279e+00,-1.749073240012555042e+00
2.541946780589780186e+00,2.141415134336218884e+00,1.690291009544130141e+00,1.234457913186561617e+00,7.641776218232555484e-01,2.917835468988867476e-01,-1.461051036498671185e-01,-5.424618405786526543e-01,-9.837836467236943383e-01,-1.316484369655365194e+00,-1.637874978265489556e+00
2.536905049217216046e+00,2.140692888471937394e+00,1.689645082186808311e+00,1.230987127000380044e+00,7.575975535209183986e-01,2.830457504842018857e-01,-1.516381371191889427e-01,-5.434304953048642028e-01,-9.668138810421544882e-01,-1.267320822961223170e+00,-1.545171888752958855e+00
2.546328252481306897e+00,2.149234982071416056e+00,1.699023861321735440e+00,1.239031957916277626e+00,7.618422641386067840e-01,2.855786241044371843e-01,-1.519138929249762571e-01,-5.474967618678598935e-01,-9.740223352663165413e-01,-1.273547851313288071e+00,-1.548764620691372551e+00
2.613167609358244103e+00,2.215612427821334052e+00,1.761148011135271974e+00,1.288552589777622215e+00,7.950321037225236420e-01,3.026811406688073580e-01,-1.534805414750558816e-01,-5.675802850676118227e-01,-1.022697598888734349e+00,-1.352887386634909150e+00,-1.657523506682551329e+00
2.705854955553101071e+00,2.305794579988741155e+00,1.842694068069407498e+00,1.352603443175050213e+00,8.373745737149372870e-01,3.236023636019749183e-01,-1.531603945023623237e-01,-5.915074881000853546e-01,-1.087313782343229285e+00,-1.465006941917824657e+00,-1.831656636950264927e+00
2.789510436858512410e+00,2.387264135385406938e+00,1.913593374964653870e+00,1.410282793702871462e+00,8.789827027522684189e-01,3.429883137481614108e-01,-1.523483438667409540e-01,-6.134021348650606775e-01,-1.147951465561097395e+00,-1.571135093612441525e+00,-1.992429327518543847e+00
2.835368661574765969e+00,2.426237260059592060e+00,1.945573064282257514e+00,1.438354202406031179e+00,8.994987478448288609e-01,3.522544743744369100e-01,-1.531422320361939537e-01,-6.252582433078013313e-01,-1.176803667380130980e+00,-1.612138015522421641e+00,-2.045971924508334983e+00
2.777335070438701869e+00,2.370782219999890916e+00,1.899418860887406524e+00,1.405094582569970996e+00,8.799123354975287858e-01,3.469459197611444168e-01,-1.490717172478633334e-01,-6.145224079495859026e-01,-1.153009715970506388e+00,-1.570052937142611071e+00,-1.973518216294660288e+00
2.771112181371337080e+00,2.363925099108035610e+00,1.888629084486387333e+00,1.392169863985232459e+00,8.672795605440390965e-01,3.384476121725336628e-01,-1.538142254307773016e-01,-6.084337229187606333e-01,-1.129647799525535179e+00,-1.532128128743099893e+00,-1.920378705130070029e+00
2.745257097008681146e+00,2.335878608432580439e+00,1.860691974922836778e+00,1.366266900528175343e+00,8.468226304977413132e-01,3.258654177900398019e-01,-1.564861933696574670e-01,-5.961891267590343491e-01,-1.095242410780642439e+00,-1.482778401766200460e+00,-1.862518719489685726e+00
2.671195909487732667e+00,2.267967545855952949e+00,1.799742840937706312e+00,1.317160361577873751e+00,8.145716141398386956e-01,3.142375382008546492e-01,-1.482737661748729230e-01,-5.733318099417675784e-01,-1.060083327195014968e+00,-1.441282955276835587e+00,-1.821708925019212888e+00
2.730919556318572639e+00,2.321504930991148630e+00,1.842344170708205109e+00,1.349965164178779986e+00,8.377836585488809273e-01,3.261465645534527003e-01,-1.479781071109777246e-01,-5.884875984107768021e-01,-1.097607238538938157e+00,-1.490356926677134597e+00,-1.871815174728200804e+00
2.739906696668118702e+00,2.330626655882895193e+00,1.855289044885391814e+00,1.364538433194898648e+00,8.519795807978540747e-01,3.369187825839900507e-01,-1.450786900505294796e-01,-5.961819563364927355e-01,-1.121479561932246627e+00,-1.529387794231029440e+00,-1.930916067533122060e+00
2.733078394671240474e+00,2.325801993682972135e+00,1.858087682401987850e+00,1.374956649570922895e+00,8.659853615938406524e-01,3.498078959281909484e-01,-1.369506644794119821e-01,-6.007166566166127764e-01,-1.150395699561432616e+00,-1.587844522013446502e+00,-2.013709385110050043e+00
2.775782075881707556e+00,2.370564381239167684e+00,1.902425773214292848e+00,1.414602803197680281e+00,8.967015616044653470e-01,3.662325492250633752e-01,-1.371870140951022832e-01,-6.189685229300685432e-01,-1.194490310408977907e+00,-1.651426234059594211e+00,-2.100659320452138878e+00
2.861233702109823973e+00,2.453679808527819528e+00,1.978783900199525103e+00,1.477037858388918767e+00,9.407914472568169595e-01,3.871445688090238146e-01,-1.434443337462576740e-01,-6.499231871715773767e-01,-1.248729915159063397e+00,-1.725659884323540227e+00,-2.199132043771668599e+00
2.898759673829667705e+00,2.484002617869228047e+00,2.006324963754490209e+00,1.501345480057833637e+00,9.572675714331586594e-01,3.965939748985637392e-01,-1.434278870901171954e-01,-6.609449907825168946e-01,-1.274551667410743327e+00,-1.761895857942513022e+00,-2.240295725789361647e+00
2.904514219370315509e+00,2.484899055949273183e+00,2.001446355779687547e+00,1.495146771940024655e+00,9.512333495410632000e-01,3.929094811817931965e-01,-1.435298811509388428e-01,-6.592529611827072644e-01,-1.266885333630519250e+00,-1.743916573638422340e+00,-2.211008938390718548e+00
2.865266128189926320e+00,2.450003680884809576e+00,1.966987445579420735e+00,1.462864610416158229e+00,9.251668072708485457e-01,3.729475003182608495e-01,-1.498807095273774204e-01,-6.429060310719469928e-01,-1.217834620014984548e+00,-1.667998068176435922e+00,-2.106526289598960489e+00
2.891414503994771401e+00,2.478357019598666167e+00,1.990329276260684788e+00,1.474404089171417631e+00,9.239492129444686341e-01,3.621255646597365541e-01,-1.620427252737725865e-01,-6.451859699938221615e-01,-1.199827452206992051e+00,-1.631270629004862638e+00,-2.051729485912201056e+00
2.876208487608678421e+00,2.461019070140785914e+00,1.969874391392068436e+00,1.451060139093567791e+00,9.008678852234025536e-01,3.444435824455351902e-01,-1.692243669903683578e-01,-6.342351115664607297e-01,-1.157184425373373182e+00,-1.558092488795197683e+00,-1.941575449893395922e+00
2.808190750465740848e+00,2.393708233430771770e+00,1.909000091568309188e+00,1.403053534591913065e+00,8.697065449855985175e-01,3.340819682709660343e-01,-1.627427578614392689e-01,-6.143161572753831345e-01,-1.121191354441858801e+00,-1.508314441686628316e+00,-1.883878100374100750e+00
2.750155198568891457e+00,2.336686111743100369e+00,1.858949173079334161e+00,1.365156079565553071e+00,8.461253701837175845e-01,3.273194454158114830e-01,-1.557796579304667473e-01,-5.992741247091022405e-01,-1.097929919173872726e+00,-1.470219945137339890e+00,-1.825965120235086170e+00
2.772903980426629555e+00,2.358383989816962956e+00,1.874447296457895318e+00,1.377854850240921580e+00,8.583390816678461155e-01,3.352642931377163293e-01,-1.528069653865533617e-01,-6.048339836776526202e-01,-1.120923946704004193e+00,-1.506326969993469822e+00,-1.873064499595236798e+00
2.808094537260809265e+00,2.390822184171355058e+00,1.902476190561188663e+00,1.398746224271314897e+00,8.750385368847581891e-01,3.439448742780668589e-01,-1.527941880236846628e-01,-6.152394743097342467e-01,-1.143801806853539604e+00,-1.545148802198374582e+00,-1.930002752417584233e+00
2.806631820445658398e+00,2.395389628416594974e+00,1.909770777837690892e+00,1.404333857044405276e+00,8.779592427267299826e-01,3.438145430439720762e-01,-1.547261191993093976e-01,-6.180324638362991729e-01,-1.143562393549064415e+00,-1.544793697047187164e+00,-1.936322588739411099e+00
2.840193980885114211e+00,2.427944567736018300e+00,1.943296932768928009e+00,1.434615309297871066e+00,8.950851201517349143e-01,3.480721440907016406e-01,-1.595798408483065922e-01,-6.276808394016174519e-01,-1.161919955786269165e+00,-1.572134957568267044e+00,-1.969432346287407487e+00
2.890932953041947417e+00,2.480908290434662877e+00,1.992365579432605616e+00,1.471734878818658609e+00,9.152549393327504834e-01,3.520305296887670243e-01,-1.688384154198744602e-01,-6.427914887255958831e-01,-1.179474149281835915e+00,-1.588812351329892403e+00,-1.990606979440280755e+00
2.860508431843436838e+00,2.455171507157992927e+00,1.973199974017344038e+00,1.456273952460454435e+00,9.042441286754123730e-01,3.453664463236622573e-01,-1.719914482202360428e-01,-6.386015292085790440e-01,-1.156633864394899458e+00,-1.547436689514431363e+00,-1.932952560505632800e+00
2.809779117419016536e+00,2.405424255918957588e+00,1.926414896498792828e+00,1.420964241714109511e+00,8.831960054006118277e-01,3.376727331802001908e-01,-1.685500615995378093e-01,-6.246877482252309877e-01,-1.129043483256933378e+00,-1.508273650080083961e+00,-1.872137007388721797e+00
2.797527319074547769e+00,2.387354907118782066e+00,1.906967545374021578e+00,1.404450292554775714e+00,8.720804564865364261e-01,3.325860792493930407e-01,-1.669326221481527706e-01,-6.167972284220438750e-01,-1.115840387749804874e+00,-1.489500507193543877e+00,-1.846505860343370831e+00
2.792848650530457721e+00,2.382475233706311535e+00,1.902022792694021858e+00,1.399636473095417388e+00,8.690128588150299871e-01,3.330514341853643701e-01,-1.629346118756523909e-01,-6.139453621277153328e-01,-1.118285004331967203e+00,-1.497810492691131756e+00,-1.860806901949801029e+00
2.797794873863795662e+00,2.395950504181620033e+00,1.916690532324502927e+00,1.409166356384669694e+00,8.731144581304574048e-01,3.339203012512513835e-01,-1.636219423955470043e-01,-6.167367118451513308e-01,-1.124366169410826899e+00,-1.508977211762349002e+00,-1.877718292809422040e+00
2.794946246939769008e+00,2.391803957919252710e+00,1.913985616577105864e+00,1.405370423164589155e+00,8.687043362333305430e-01,3.293996724857857217e-01,-1.649888037998948898e-01,-6.128333492297455276e-01,-1.116457248283632131e+00,-1.498268341112427571e+00,-1.865124791518978142e+00
2.781450936430904353e+00,2.370538397417412568e+00,1.894040764333712268e+00,1.392653954193581178e+00,8.631369669938105949e-01,3.283966459414898731e-01,-1.600008585030373298e-01,-6.059369253224494711e-01,-1.113642881984429511e+00,-1.502999920601265860e+00,-1.871942586035494571e+00
2.731414919552936027e+00,2.322783932565195553e+00,1.850486411311018431e+00,1.357775333912700111e+00,8.402574699945489778e-01,3.203085105164185653e-01,-1.551895032981550071e-01,-5.902895308437831057e-01,-1.087628821501126053e+00,-1.469221472518762894e+00,-1.838081567076938816e+00
2.723010412715272111e+00,2.319435460481155342e+00,1.848107760526133347e+00,1.355389244908885571e+00,8.413111542766483764e-01,3.235281774614780503e-01,-1.550495143924964514e-01,-5.930778813742689781e-01,-1.088028084572433052e+00,-1.468238312801074530e+00,-1.840311416632821162e+00
2.671997829450666551e+00,2.277970862075582748e+00,1.814776283068175511e+00,1.329422779912062147e+00,8.232103952816542947e-01,3.142777245573784572e-01,-1.554262358824764489e-01,-5.836378429751498675e-01,-1.060035583797385161e+00,-1.417509480746013351e+00,-1.761588749594715564e+00
2.712256223225002927e+00,2.311889897687668061e+00,1.843801605358570628e+00,1.351588913931984548e+00,8.349431827777499260e-01,3.152938540737920681e-01,-1.607899319161773255e-01,-5.922308198123921175e-01,-1.071394577682595939e+00,-1.422892537502455479e+00,-1.751947680110802263e+00
2.747109296038297455e+00,2.337533965605891328e+00,1.862691400045673129e+00,1.363115569189913723e+00,8.376517501969340529e-01,3.105165902136902134e-01,-1.672067841140980338e-01,-5.946526142930659287e-01,-1.067293690901180314e+00,-1.413072301243133655e+00,-1.733958252688294843e+00
2.765184670248975962e+00,2.354341342506367951e+00,1.873306441678806999e+00,1.366481027758287059e+00,8.337212468286964162e-01,3.009990805638064204e-01,-1.741385861308352712e-01,-5.928771042408998992e-01,-1.052308738109134056e+00,-1.387308998587129638e+00,-1.695794527900333915e+00
2.722122182541969249e+00,2.312223578766787302e+00,1.834671208536031717e+00,1.334006136221637773e+00,8.113409930606018117e-01,2.892047179431053716e-01,-1.735692614166616521e-01,-5.791189052182813546e-01,-1.018194957873086226e+00,-1.337962473264850516e+00,-1.637053862018966743e+00
2.771423781043790502e+00,2.349979699700026625e+00,1.859357367910999370e+00,1.349331989470953674e+00,8.193268058280699373e-01,2.915353753283647653e-01,-1.759581918943283751e-01,-5.856847614529361312e-01,-1.028269328430098994e+00,-1.353163772666710729e+00,-1.658706298916654776e+00
2.749395813645203912e+00,2.332774909215663328e+00,1.840503943184981450e+00,1.330087738435984601e+00,8.028819262276032376e-01,2.810455018396431637e-01,-1.785181064416093422e-01,-5.769504498934789893e-01,-1.002567309297008213e+00,-1.307645205163715962e+00,-1.587965907686742506e+00
2.686719762725714666e+00,2.276095461019391308e+00,1.792330473961010640e+00,1.290598348219342828e+00,7.739827575958654338e-01,2.667609664339989362e-01,-1.779910432952211963e-01,-5.593902838368904895e-01,-9.623143610371365231e-01,-1.242273778303295106e+00,-1.490893943317161741e+00
2.633753430900290127e+00,2.230302588841971190e+00,1.755558361789842703e+00,1.259099642338473046e+00,7.490241145799905187e-01,2.542225362577537062e-01,-1.754501868946582999e-01,-5.413813854330630226e-01,-9.299926708192589597e-01,-1.206874478308938903e+00,-1.462093933633592524e+00
2.653603123744993741e+00,2.245436836711044215e+00,1.765462835313927004e+00,1.263782367168727161e+00,7.498088149842911942e-01,2.545143870462386326e-01,-1.727756432472350445e-01,-5.401631680982728057e-01,-9.377952105460505283e-01,-1.226325636586539147e+00,-1.494595068536600957e+00
2.581798369303923035e+00,2.178583721717522792e+00,1.712225721296765757e+00,1.232440967971756507e+00,7.397008900125339181e-01,2.603258792854137305e-01,-1.618068738268872708e-01,-5.312461204333495113e-01,-9.344766139842236585e-01,-1.227286975071301800e+00,-1.501904772532632659e+00
2.509819017867117363e+00,2.113880372767049209e+00,1.663739028018134780e+00,1.206241553975875291e+00,7.323427663726727044e-01,2.650187133405956796e-01,-1.541274385885024190e-01,-5.238817772908188619e-01,-9.274783725388677791e-01,-1.227237578748825442e+00,-1.512168795371744201e+00
2.532969606942394591e+00,2.139349413748088846e+00,1.692747256081444496e+00,1.235437292048856994e+00,7.588288502933482338e-01,2.818615972379962531e-01,-1.536507071417987924e-01,-5.406091756884969790e-01,-9.635611073038488072e-01,-1.280933914565468124e+00,-1.589581291426803933e+00
2.578892594873974708e+00,2.186491493397918706e+00,1.738013173363408992e+00,1.271983342814271056e+00,7.833063095650605323e-01,2.938000915862583606e-01,-1.560233999763558088e-01,-5.582190794480665907e-01,-9.987246166680451287e-01,-1.321067269389501364e+00,-1.625373735408057518e+00
2.598511403375486584e+00,2.209269426561794702e+00,1.763377688339700544e+00,1.295351109680269897e+00,8.004896811514259358e-01,3.013970973586655444e-01,-1.554964175968792661e-01,-5.677720448773617701e-01,-1.022666534265056049e+00,-1.358954844822017449e+00,-1.674952497955494835e+00
2.592515498461995360e+00,2.199758754625976476e+00,1.752445693715152464e+00,1.286600482825669856e+00,7.946764927682773427e-01,2.993960143282011765e-01,-1.520913940763323202e-01,-5.617132955963093366e-01,-1.018894134296627119e+00,-1.363345496845834059e+00,-1.693898326616998462e+00
