1.086544143275278040e+00,9.997165231876768976e-01,9.999231392679827080e-01,1.000461442064110917e+00,9.995875784566656819e-01,1.000001376319542112e+00,1.000075194677388035e+00,9.998292119955545232e-01,1.000130195858518256e+00,9.996367782104823574e-01,9.987235183298956986e-01
1.086911004620897847e+00,9.987200177227220088e-01,1.000178180817761886e+00,9.999474637833613011e-01,9.999331755798589461e-01,9.999953597638916447e-01,1.000132601333472149e+00,9.998603784065630551e-01,9.997773381222442302e-01,9.999424446002710409e-01,9.983116671389026253e-01
1.092505798895540448e+00,9.988750790949770808e-01,9.999444322604252866e-01,9.998840467813133737e-01,1.000156810346326752e+00,9.999524696609187746e-01,1.000205443172824449e+00,9.997750722819019886e-01,9.996139704436208806e-01,9.999703128174485256e-01,9.998065401011227982e-01
1.094500372921378695e+00,9.991403447063323950e-01,9.997357014551467858e-01,1.000526589886516771e+00,9.996933459637274977e-01,1.000170357562423895e+00,1.000083283365573061e+00,9.997759694265321295e-01,9.996864570941532691e-01,9.998471698374712391e-01,1.000594216374173229e+00
1.096429686179380081e+00,9.991839427744229063e-01,9.998054451411827470e-01,1.000643128611394372e+00,9.997118988500695025e-01,1.000246865272311325e+00,1.000007169973656129e+00,9.997402010904591352e-01,9.998355142337134183e-01,9.993222105231019947e-01,1.000423424591970534e+00
1.096069986251775985e+00,9.999032293170001529e-01,9.999197039083359551e-01,1.000145461452783380e+00,9.999702907451264444e-01,1.000236940866376933e+00,9.999727364933640450e-01,9.999611374032942868e-01,9.994046209334310760e-01,9.995325491106415994e-01,9.987100182005990145e-01
1.098301945925566514e+00,1.001219670734564637e+00,9.995941002248368568e-01,1.000167764589763086e+00,9.999727581847779323e-01,1.000130250628485262e+00,9.998917343153631565e-01,1.000133321543511977e+00,9.994459900322366641e-01,9.994542890274275004e-01,9.987557649849604369e-01
1.098812499453861280e+00,1.001340743076404749e+00,9.995139618846818896e-01,1.000153818110627979e+00,1.000030104932712938e+00,1.000040534498778610e+00,9.997401625902722078e-01,1.000268216588701575e+00,9.997484948534942628e-01,9.990713487399136561e-01,9.993154817368221643e-01
1.096982214866583316e+00,1.000718864497780691e+00,1.000062346048561590e+00,9.995266422625902480e-01,1.000188589750958590e+00,1.000090548114912714e+00,9.997945517921371650e-01,1.000004785867171675e+00,1.000063031694994331e+00,9.990709725916832040e-01,9.985746175693741566e-01
1.096009550093996587e+00,1.000667599412857323e+00,1.000348542803667362e+00,9.990756127448426893e-01,1.000168810842575695e+00,1.000127316431881130e+00,9.998728991338293737e-01,9.999295132810472886e-01,1.000078054513162229e+00,9.992819520528731791e-01,9.981501472387120932e-01
1.097501263046428699e+00,1.000814019619018724e+00,9.999018081532901059e-01,9.992818804458764026e-01,1.000033709134900750e+00,1.000219825765580550e+00,9.997679243450647846e-01,9.999367878013135646e-01,1.000319291272364408e+00,9.990827479667435673e-01,9.987304135293586516e-01
1.097086134244896538e+00,1.000603512371392334e+00,9.998136135376793909e-01,9.993237883199601601e-01,1.000028018230055382e+00,1.000080258216568874e+00,9.998056403674466797e-01,1.000114749919743140e+00,1.000013718562906551e+00,9.997120011651948746e-01,9.985469023786882614e-01
1.099127374076219965e+00,1.000264241245128582e+00,9.997806055260828328e-01,9.994997492377359904e-01,9.999306718489606727e-01,9.999298648907438691e-01,9.999818982891309771e-01,1.000068609172106937e+00,9.999488603141188925e-01,9.999350439930069223e-01,9.994812828795562876e-01
1.096709362711426827e+00,1.001433267632237278e+00,9.993999447980388418e-01,9.995386721838744881e-01,1.000017469884307841e+00,9.998646336645723443e-01,9.999457113299844435e-01,1.000146376242068369e+00,9.999891738919431949e-01,9.996880067391605840e-01,9.998995834464381449e-01
1.096333651502684914e+00,1.001619655760394467e+00,9.994916981419806890e-01,9.992796138667385808e-01,9.998804045341815883e-01,9.999459976581663856e-01,1.000098462566880064e+00,9.999953667971067661e-01,9.999014944545419059e-01,9.999368212548340740e-01,1.001069933735670103e+00
1.097060047967482577e+00,1.001450512727904529e+00,9.993689045812748084e-01,9.996269559664602289e-01,9.995920374412715637e-01,1.000094497450287223e+00,1.000139613886840584e+00,9.997024789014783419e-01,1.000241658661518818e+00,9.999708283548540688e-01,1.000664847731893792e+00
1.101496784023759057e+00,1.000574175245737552e+00,9.995178347132384067e-01,9.996473624561275084e-01,9.996106950165168925e-01,1.000184311611338028e+00,1.000070477642510003e+00,9.996991721434114186e-01,1.000119105695183919e+00,1.000150527935632638e+00,1.001272907948855373e+00
1.099443475033593742e+00,1.000070367758559842e+00,9.995319001996593178e-01,9.999037236466405965e-01,9.997501283143256368e-01,1.000139254165453684e+00,9.998581602004595892e-01,9.998993735553484141e-01,1.000070589586278480e+00,1.000156611219073399e+00,1.000755415895289158e+00
1.095722200354650289e+00,1.000043832283584955e+00,9.994363878092974440e-01,1.000127449480785025e+00,9.999718368053053252e-01,1.000064388452613251e+00,9.997459834122468525e-01,1.000009108070977426e+00,9.999629506014733327e-01,1.000117842362242992e+00,1.000533794723619474e+00
1.096506283549573801e+00,9.996581594251343628e-01,9.994662150945606838e-01,1.000190773030063429e+00,1.000013123858003672e+00,1.000039664272682982e+00,9.998604045339484214e-01,9.999134759059412625e-01,9.998706056590959124e-01,1.000093644931060455e+00,1.001275667611925213e+00
1.100693239847889027e+00,9.999115728952207016e-01,9.997539372710498862e-01,9.998320218254255209e-01,1.000237959884030747e+00,9.997786639746699677e-01,1.000068028985535040e+00,9.997254852686189297e-01,9.999689976864089003e-01,1.000422640284761577e+00,1.000307850008761656e+00
1.095007121017972596e+00,1.000853949818331534e+00,9.997223185676777923e-01,1.000172738199833766e+00,9.999957618922821201e-01,9.997631919747542728e-01,9.999646077356831864e-01,9.999675346787966213e-01,9.998752479166495011e-01,1.000449969037337627e+00,9.988291571833184390e-01
1.096532069826026357e+00,1.000689694166408739e+00,1.000202364715733427e+00,1.000144802090760621e+00,9.997149694125179176e-01,9.999283588001168788e-01,9.999308702757956357e-01,1.000003071593330572e+00,9.997759974298341401e-01,1.000295727687869229e+00,9.997775054591480082e-01
1.098960820475533451e+00,1.000527080759076481e+00,1.000343683910982273e+00,1.000037140069662156e+00,9.997032590664103324e-01,9.999278871430419269e-01,1.000026591162985090e+00,9.999491552082265811e-01,9.997874468944646376e-01,9.998667050158089875e-01,1.001595353062320726e+00
1.096348859692807487e+00,1.001127220768636361e+00,9.996649819625957889e-01,1.000440793152894248e+00,9.996491836487012561e-01,1.000071107435641649e+00,9.998817528861078108e-01,1.000053030564237444e+00,9.997193755995895659e-01,9.996700668951828961e-01,1.002132095615799523e+00
1.099399504302631225e+00,1.001388292118283951e+00,9.993345889389940728e-01,1.000298787887466956e+00,1.000056595981101637e+00,1.000083192879090310e+00,9.997428193421752374e-01,9.999381237065287920e-01,1.000007370729482314e+00,9.992211474008337868e-01,1.002587483843460525e+00
1.099309451138881455e+00,1.000904473560070507e+00,9.995287998394909446e-01,1.000176857499550209e+00,1.000222243796279331e+00,1.000021038127829831e+00,9.997932774580510218e-01,9.998373065227074141e-01,9.999183118625138977e-01,9.996206025311619170e-01,1.002559546935788637e+00
1.100304264488536132e+00,1.000377794030666623e+00,9.997328073273163973e-01,1.000273944474939336e+00,1.000267464633126435e+00,1.000064231758204913e+00,9.996633023413101782e-01,9.998585617414897930e-01,9.998686620634325006e-01,9.998920281878634908e-01,1.002013883123494153e+00
1.099769257137531264e+00,1.000505396249366852e+00,9.996425654399829774e-01,1.000475166036666419e+00,1.000184737584436823e+00,1.000049887145403105e+00,9.997745838640379468e-01,9.997252655023148860e-01,9.999387546825152517e-01,9.998264626287756140e-01,1.001794742531763927e+00
1.097039993828514692e+00,1.000175561560331827e+00,1.000071041008977701e+00,1.000275361929588103e+00,1.000156187625965476e+00,1.000022272934634415e+00,9.998915894355644429e-01,9.996899383109457693e-01,9.998905069983697880e-01,9.997717436563633431e-01,1.001356492259656950e+00
1.093921993204327592e+00,1.000777873816622865e+00,1.000256274536500678e+00,1.000220285789852559e+00,1.000091185426323026e+00,1.000104485217242711e+00,9.999171726681187478e-01,9.996494274257716750e-01,9.998312678238493456e-01,9.996797686519611759e-01,1.000272521945528181e+00
1.098638173216513580e+00,1.001110644370789560e+00,1.000151616070407146e+00,1.000087818693393027e+00,1.000146946019765393e+00,1.000042328015371407e+00,1.000072025027053169e+00,9.994986337853279945e-01,9.997904626116494997e-01,9.998278714998891648e-01,1.001248425156992639e+00
1.100690901731885551e+00,1.001546036965218711e+00,9.997329025938820335e-01,1.000249282914228655e+00,1.000166125617772739e+00,1.000053001877631020e+00,1.000024493758077782e+00,9.995702386848926979e-01,9.996440155136206984e-01,9.999315708814661141e-01,1.002479626314492389e+00
1.097850147907599494e+00,1.001911628174079194e+00,9.997298292192112745e-01,1.000152141626170277e+00,1.000121742353330845e+00,1.000042847059414486e+00,9.999462699702917901e-01,9.997778139404756015e-01,9.994763459749063106e-01,1.000159360424999422e+00,1.002110551527880533e+00
1.099825951672445346e+00,1.001843120574634094e+00,9.998426758327938479e-01,9.998031247045814363e-01,1.000129286694779296e+00,1.000083127996690413e+00,9.998597494272734032e-01,9.998214857619921458e-01,9.996185161906383509e-01,1.000317684066859059e+00,1.000864672401994282e+00
1.100597000910864320e+00,1.002931454318270577e+00,9.994869959150119998e-01,9.999377850532900069e-01,9.998447826990862763e-01,1.000186440871596139e+00,9.998377206180441013e-01,9.997562701561527598e-01,9.998610347968278633e-01,1.000175136062584791e+00,1.001532034547013561e+00
1.096548457183954328e+00,1.003163577758380942e+00,9.995219373136131624e-01,9.999798714566613400e-01,9.996709837234049045e-01,1.000142108601689950e+00,9.999285915360902610e-01,9.996488411477284508e-01,1.000262331212614209e+00,9.996662435089764820e-01,1.001878882121135517e+00
1.099340157428989606e+00,1.002420031807633283e+00,9.999491312767878615e-01,9.996989827562092756e-01,9.996409143126636643e-01,1.000148109085303272e+00,9.998729712233884737e-01,9.998234676533981347e-01,1.000134591040522380e+00,9.997356273908097890e-01,1.001816957319146439e+00
1.104573777801144185e+00,1.002074155771243591e+00,9.999451487377445380e-01,9.994758248283270863e-01,9.997803485737749574e-01,1.000265027002277041e+00,9.997445982664817654e-01,1.000001792031326442e+00,9.997788097409058272e-01,9.999518545715311291e-01,1.001542187695411368e+00
1.103533506286671351e+00,1.001559048229415883e+00,9.998883736062306182e-01,9.991598119016988910e-01,1.000199216462908103e+00,1.000019375628625529e+00,9.999558066696678793e-01,9.998591838202021131e-01,9.999242985239326087e-01,9.996857021359785156e-01,1.001275753992230122e+00
1.099182845996282243e+00,1.001462124431443224e+00,9.996062668789038597e-01,9.992953858507506171e-01,1.000134863259403373e+00,9.999594178510056164e-01,1.000191888291524833e+00,9.997545303180151999e-01,9.999330872860358044e-01,9.994924839767210800e-01,1.001223465083647346e+00
1.096535593667923969e+00,1.001812231643721240e+00,9.994712171977438997e-01,9.997825799684407766e-01,1.000013565776622704e+00,9.999843866525570668e-01,1.000142844635618866e+00,9.998952926210427083e-01,9.996193951707775804e-01,9.997691855543980877e-01,9.995507721560057401e-01
1.097366193275321589e+00,1.000985426452739802e+00,1.000016207443918281e+00,9.998003724239150625e-01,1.000104396054398270e+00,9.999247335379266577e-01,1.000116461521664668e+00,9.999547124358511008e-01,9.995634308411243119e-01,9.994633923336666559e-01,9.999122243678950639e-01
1.097260311619679296e+00,1.001144012679995754e+00,1.000152916150290894e+00,9.998768295406847972e-01,9.999564624513165301e-01,1.000005334195013251e+00,9.998951217792443336e-01,1.000158284006597231e+00,9.995421906607546703e-01,9.996423876908477890e-01,9.990800958111096808e-01
1.097755641075676802e+00,1.001833853275378106e+00,1.000120529834748861e+00,1.000054987552803532e+00,9.998683939837896828e-01,9.998796714589816004e-01,9.999344519565439571e-01,1.000180633297104382e+00,9.996675873830819237e-01,9.995403717942219490e-01,9.982141485360125355e-01
1.099351868990216197e+00,1.001945253388984769e+00,1.000088237429752391e+00,1.000103433728219304e+00,9.999498437768447046e-01,9.998450676905801249e-01,9.999113255165718028e-01,1.000141457479061469e+00,9.996359403410369771e-01,9.996788472819071458e-01,9.992697595361741403e-01
1.100983577891831322e+00,1.001517421116603357e+00,1.000302514815058608e+00,1.000102239393360293e+00,9.999217295064158906e-01,9.999221578022171597e-01,9.998045579807280925e-01,1.000178556194709190e+00,9.996084937436787721e-01,9.997687418860913278e-01,9.992813811099580112e-01
1.097999242449463786e+00,1.001923958953635729e+00,1.000067281325443647e+00,1.000034159990175642e+00,1.000151309594621285e+00,9.998586646009021139e-01,9.998559747254279761e-01,9.999896257859847148e-01,9.999952178183880713e-01,9.989433828212183064e-01,1.001346647958005098e+00
1.093995199824047804e+00,1.002845213510703326e+00,9.993700642462131079e-01,1.000326366214643548e+00,1.000224121603643601e+00,9.998466410125198545e-01,9.999324665521930333e-01,9.997799411536688607e-01,1.000180927716704860e+00,9.989403801727556598e-01,1.000621727602099664e+00
1.094504357568304220e+00,1.001896912555012564e+00,9.995789449073655408e-01,1.000419977820562245e+00,1.000101887323772587e+00,9.997702935602470475e-01,9.999808699713527149e-01,9.999425415506153492e-01,9.998417557128519428e-01,9.996419007608766671e-01,9.995589408124290198e-01
1.094774800001293791e+00,1.000914669870115015e+00,9.999143791837279416e-01,1.000302158424658083e+00,1.000067400814738106e+00,9.996909369434910930e-01,9.999919257033406117e-01,1.000030507537526647e+00,9.998114194016678447e-01,9.999784441366341703e-01,9.985181805001379640e-01
1.095495526999815228e+00,1.000949658780231566e+00,9.998619781672546392e-01,1.000161153365269451e+00,1.000063478109278314e+00,9.997856345144368051e-01,9.999454105138672055e-01,9.999764900434431336e-01,9.998219245345412176e-01,1.000135767646365137e+00,9.994572487619725054e-01
1.095478378172549228e+00,1.001202320727029083e+00,9.997486448610717336e-01,9.999673812439067166e-01,1.000074088827718866e+00,1.000147535984815761e+00,9.996911301921119763e-01,9.998491815810366390e-01,1.000024259393198500e+00,9.999509167945470622e-01,1.000371560782684410e+00
1.098570239435219476e+00,1.001064781205081466e+00,9.999583174528379192e-01,9.997063865866133714e-01,1.000196994582205123e+00,1.000131750477311066e+00,9.996502097495000294e-01,9.997436649879171133e-01,1.000321246707068124e+00,9.996942669282169458e-01,1.000669731817577901e+00
1.099894906335260547e+00,1.000877716913881832e+00,1.000030819684533778e+00,9.999472026091951182e-01,1.000137957000751809e+00,1.000078917441032278e+00,9.996040823447059909e-01,9.998868688557479567e-01,1.000291582419448488e+00,9.995578031728025170e-01,9.992707088089444190e-01
1.099247047167446034e+00,1.000743437661846702e+00,1.000141927689645271e+00,1.000413012561632620e+00,9.998998848277022011e-01,1.000097080887510259e+00,9.995509220636535908e-01,1.000174031101088268e+00,1.000018032984778982e+00,9.992463549502845765e-01,9.983979908570496109e-01
1.098437488599771861e+00,1.000574013614095037e+00,1.000568317387320549e+00,1.000349658434831701e+00,1.000028213943565447e+00,9.998562267145475468e-01,9.997793710769751208e-01,1.000032877189676261e+00,1.000128657677480826e+00,9.988656770299949583e-01,9.989387929248270126e-01
1.096934080879698792e+00,1.001004373218566945e+00,1.000437859002297536e+00,1.000605857925793263e+00,1.000004274779582314e+00,9.998076025133251221e-01,9.998615685595437785e-01,1.000119897210337783e+00,9.998584566594792555e-01,9.986790521908929241e-01,9.994314836942466140e-01
1.096192779883539581e+00,1.001877889845030234e+00,1.000340348241332666e+00,1.000509113957836593e+00,9.998958656906874465e-01,9.999033840614524049e-01,1.000086994217924019e+00,9.998942803434520687e-01,9.996798577377639106e-01,9.988453348216893568e-01,9.995683161699618902e-01
1.098752368499892329e+00,1.001575527282895894e+00,1.000146060599803599e+00,1.000827938186975574e+00,9.999248503785523878e-01,9.999295186314166584e-01,1.000035182991560578e+00,9.998751360645157238e-01,9.995152055241973699e-01,9.993345328179769060e-01,9.986710212968941125e-01
1.097604960517925443e+00,1.001368476847788846e+00,1.000239611628897629e+00,1.000695006704526824e+00,9.999399550204143283e-01,1.000054176340755108e+00,1.000042545923296666e+00,9.998027739685154680e-01,9.993930316943464565e-01,9.994566339064002713e-01,9.989534890782992838e-01
1.098915360537806363e+00,1.001101594330740197e+00,1.000460831406638551e+00,1.000417355650002227e+00,1.000019646439699317e+00,1.000116119316788676e+00,1.000060181407535609e+00,9.997200280529704441e-01,9.994588039231508958e-01,9.991593046628061137e-01,9.998976399393153525e-01
1.097264769978850474e+00,1.001534330842777099e+00,1.000296959936949781e+00,1.000323579218930670e+00,1.000156147651109162e+00,1.000091206373275421e+00,1.000106781086693264e+00,9.997131153018987693e-01,9.992382947312685726e-01,9.994546113049435077e-01,9.999572667080364186e-01
1.096902732813185066e+00,1.001759097342110438e+00,1.000204057929174661e+00,1.000368030742646797e+00,1.000224011328477491e+00,1.000073958458777224e+00,1.000156352568213336e+00,9.996096496953249533e-01,9.990926437924703141e-01,9.998686208230407324e-01,1.000664011455633995e+00
1.101013016987198556e+00,1.000894839506488720e+00,1.000114425459801115e+00,1.000399000495477253e+00,1.000392907733785419e+00,9.999471304843075004e-01,1.000055039215882902e+00,9.997378302027091213e-01,9.991492867182133475e-01,9.997897288983359498e-01,1.002649030788825835e+00
1.097620690445089364e+00,1.000901852806639569e+00,9.998703278956061480e-01,1.000350567760606824e+00,1.000380795941566925e+00,9.999898436600344054e-01,9.997649216779409542e-01,9.999969054721781214e-01,9.994763440032087276e-01,9.994495503932840919e-01,1.002128765806886701e+00
1.094114461335186084e+00,1.000998761014284311e+00,9.997139620375239399e-01,1.000223362067727439e+00,1.000475398118116699e+00,9.998737345267039167e-01,9.998604721667694317e-01,9.999168645046767612e-01,9.997227185593159371e-01,9.993491160747116631e-01,1.001134754201103982e+00
1.094891346425599155e+00,9.999700894457157485e-01,9.998495765612607222e-01,1.000341334470002286e+00,1.000189122244907303e+00,9.999570563939134127e-01,9.999022670454783546e-01,9.999210597232282005e-01,9.998080988153120741e-01,9.996512658069302004e-01,9.974163327707284976e-01
1.092945653881549628e+00,9.996064942140551191e-01,9.998705180719106300e-01,1.000257994015760543e+00,1.000057822599071056e+00,1.000082541965185090e+00,9.998548627479149076e-01,9.999888708928886816e-01,9.998146252119728405e-01,9.995866394828510915e-01,9.971273437706429377e-01
1.093864711688719682e+00,9.991874953598038900e-01,1.000126306652026731e+00,9.998806151985325519e-01,1.000054625625600213e+00,1.000048740570633532e+00,9.999270290579128639e-01,9.999870979669910342e-01,9.999194804941670123e-01,9.993076104684927019e-01,9.987617240551726061e-01
1.087510200309450559e+00,9.997365643837095028e-01,9.998578676564706669e-01,9.998846501818491328e-01,9.999178582388341674e-01,1.000068054633551418e+00,9.998146184996252739e-01,1.000126237152924258e+00,9.999148954788847909e-01,9.998405717735731058e-01,9.982798600858586724e-01
1.091528647306664546e+00,1.000007282437818779e+00,9.997280701519670743e-01,9.995873646678474778e-01,1.000036255275697394e+00,1.000136244326820467e+00,9.996613767186166566e-01,1.000185676624283815e+00,9.999368943739105342e-01,9.998859001492272913e-01,9.999614625369870335e-01
1.097270234226327190e+00,1.000175540388314577e+00,9.995823034864809165e-01,9.994850531769580160e-01,9.999771039433584807e-01,1.000056526610536345e+00,9.998574260833207328e-01,9.999688492795431038e-01,1.000339957542377034e+00,9.993287228502749642e-01,1.000820615875787523e+00
1.102390581059188523e+00,1.000696354553505696e+00,9.992432446149814851e-01,9.994014062390864650e-01,1.000001418371497586e+00,1.000022333632332838e+00,1.000026339444985535e+00,9.997856864671547106e-01,1.000274489473188977e+00,9.999690884228802368e-01,9.988563054874963765e-01
1.102384914116768311e+00,1.001484062590533908e+00,9.990738586369781737e-01,9.995401828817003231e-01,9.998634636034949841e-01,1.000099699599027225e+00,9.999793205920133321e-01,9.997734507026776463e-01,1.000145369627417402e+00,1.000415102992000538e+00,9.991038617533402055e-01
1.099459747046249936e+00,1.001857978601200738e+00,9.991339297961702171e-01,9.999324756066200193e-01,9.996757268723406309e-01,9.999510925650872961e-01,9.999635104957614873e-01,9.999339302277815422e-01,1.000185642675349929e+00,1.000264578464612031e+00,9.992013720263098753e-01
1.101464529977528528e+00,1.002178466524262346e+00,9.993306205677450205e-01,1.000040041029086835e+00,9.998531700537314215e-01,9.995481988756373948e-01,9.999907488554434787e-01,1.000027111647834532e+00,1.000240505173187744e+00,1.000348676301262785e+00,1.001390238325116533e+00
1.101698370261942950e+00,1.002244880316705000e+00,9.994886578645265640e-01,9.999347392215610641e-01,1.000086057832878739e+00,9.993180850463516673e-01,9.999143292868976074e-01,1.000133327474061362e+00,1.000519519593491502e+00,9.999912664401415796e-01,1.000669138262308744e+00
1.103353288786470321e+00,1.002198375363996918e+00,9.996444837301693420e-01,9.998474044580830666e-01,1.000162269015185457e+00,9.993167235600441956e-01,9.997319359426418695e-01,1.000211352921347441e+00,1.000591458695028857e+00,1.000181679343744356e+00,1.000704791067742461e+00
1.102138602436490311e+00,1.001574746020263307e+00,9.998766857014802500e-01,9.997520869061561344e-01,1.000220072999406851e+00,9.993683043669895349e-01,9.997392742966022539e-01,1.000240061706846095e+00,1.000294109456007829e+00,1.000433236026499584e+00,1.001521629988340711e+00
1.100394188315842348e+00,1.001062154303193674e+00,9.999422444232106688e-01,9.996506749986816542e-01,1.000195203606898398e+00,9.994974176683422140e-01,9.997399532555372170e-01,1.000321591133549459e+00,1.000080683306945106e+00,1.000326683554364937e+00,1.001293562179332852e+00
1.096517921742738988e+00,1.000678987061068392e+00,1.000070802901869227e+00,9.999117213648068825e-01,9.998815985605928880e-01,9.996723318715881046e-01,9.998097293959982146e-01,1.000162102865520763e+00,1.000177324480530316e+00,1.000151214649436238e+00,1.001419048750616048e+00
1.100058806180677973e+00,1.000023874043566741e+00,1.000460564548510956e+00,9.996201556684648493e-01,9.998639840542499213e-01,9.996071510507048563e-01,9.999874304523027613e-01,1.000086655708073868e+00,1.000022640914655980e+00,1.000672849756307770e+00,1.000010925675091311e+00
1.100686464563973344e+00,1.000189491392107444e+00,1.000676625391053731e+00,9.992799590576894042e-01,9.998691898328433414e-01,9.997657956520730194e-01,9.998893741623094966e-01,9.999849926921541288e-01,1.000232390403136495e+00,1.000753401161900147e+00,9.978739295821462685e-01
1.100747841556180662e+00,1.000402389604424291e+00,1.000545295645539401e+00,9.989728603985653654e-01,1.000120446107874317e+00,9.997887731706354142e-01,9.998431907589553358e-01,1.000025178821344563e+00,1.000125587048541487e+00,1.000656097278446177e+00,9.986641864072306474e-01
1.098132797125577209e+00,1.002181934125722762e+00,9.997504785381146064e-01,9.992082851061302451e-01,1.000209829508292403e+00,9.996633102113563485e-01,9.999910713512295546e-01,9.999916865624409734e-01,9.999882212390716063e-01,1.000601221227912507e+00,9.995661613204905871e-01
1.098442763521670029e+00,1.002581327120865229e+00,9.993235404997788951e-01,9.998012244762368717e-01,1.000125825146828573e+00,9.995594456584668830e-01,1.000053600811048549e+00,9.998853754099198410e-01,1.000208108903282822e+00,1.000334755661758113e+00,9.997366603389903350e-01
1.094814019991940279e+00,1.002425620443433862e+00,9.998697828093870976e-01,9.996297818804232849e-01,9.998271505600684339e-01,9.996072874216810344e-01,1.000071787707190740e+00,1.000033426504395084e+00,1.000155143683873149e+00,1.000265162378460193e+00,9.989135649649421023e-01
1.097235362794316327e+00,1.001233891632420381e+00,1.000672344873365649e+00,9.992086577248227020e-01,9.997544026894451541e-01,9.996557262456626791e-01,1.000064901185948596e+00,1.000091332412612166e+00,1.000072141251114433e+00,1.000338742030237205e+00,9.994058806259905614e-01
1.103638705391954078e+00,1.001305540764580337e+00,1.000501591431453230e+00,9.992482702177737375e-01,9.995314555904525333e-01,9.998005114978005814e-01,1.000090582333185152e+00,1.000030222551973935e+00,1.000120118414142389e+00,1.000239970712238913e+00,9.998178118348698407e-01
1.106839761906415420e+00,1.001297632491168432e+00,1.000036223253156553e+00,9.995711468576923275e-01,9.994748148091551210e-01,9.998541853772885402e-01,1.000127118601865206e+00,9.999380319477375600e-01,1.000037615015659576e+00,1.000624790962869159e+00,9.989090595457595922e-01
1.106131416226720399e+00,1.001031111078623859e+00,1.000097080319635845e+00,9.993486449297162011e-01,9.994414580566141071e-01,9.998545721403284681e-01,1.000241020295432826e+00,9.998904247507959253e-01,1.000036846560119708e+00,1.000506796561768441e+00,1.000382450008671764e+00
1.103611602370514255e+00,1.000980269028503677e+00,9.999331479554663948e-01,9.992429033724937737e-01,9.996488938061216523e-01,9.998616497916172907e-01,1.000032338015288014e+00,9.999245085740590122e-01,1.000177200846350312e+00,1.000877548999257405e+00,9.996396524095956249e-01
1.095376792673461663e+00,1.001457514893322465e+00,9.993094744894241988e-01,9.996700011665063945e-01,9.997661760835113709e-01,9.998910419664407412e-01,9.998962037219250032e-01,9.998221805989095934e-01,1.000342297942732106e+00,1.001260657724693859e+00,9.982041360227500437e-01
1.097935499462102893e+00,1.001236241948904926e+00,9.991866912344861129e-01,9.997161801146462468e-01,9.998336771551649127e-01,9.999603919336839120e-01,9.999248573920997973e-01,9.995923822247112511e-01,1.000623377759405574e+00,1.000613405534320766e+00,1.001128567120210366e+00
1.102500841172164625e+00,1.001129461528311504e+00,9.995019414873743679e-01,9.994750813476670492e-01,9.999056364353606785e-01,9.999703073209608162e-01,9.998962971465358285e-01,9.996572287151009872e-01,1.000567928101697479e+00,1.000386003417065295e+00,1.000940139876388857e+00
1.099915747557620671e+00,1.000936131661862794e+00,1.000062759969027937e+00,9.995738383812993177e-01,9.998118399040890614e-01,9.998939368786745607e-01,9.998948447794219208e-01,9.998262754387947648e-01,1.000148023087515048e+00,1.000930063678601378e+00,1.000559123336400624e+00
1.096873550760259386e+00,1.001147551373931854e+00,1.000005641333394868e+00,9.998546415666670351e-01,9.997866904490625428e-01,9.999368443647302929e-01,9.996085304139420424e-01,1.000114511838327669e+00,1.000092560339796544e+00,1.000901272744125325e+00,9.996183012651166377e-01
1.098230536670318447e+00,1.001306980572779892e+00,9.997627480961233104e-01,9.999286989243101331e-01,1.000041774663134708e+00,9.998083359909678558e-01,9.995803882524454398e-01,1.000133844596041266e+00,1.000216193916681817e+00,1.000381364651860450e+00,1.001146768927246189e+00
1.101485470641196063e+00,1.001242080689727088e+00,1.000056669113084995e+00,9.996203689164033790e-01,1.000320667388561624e+00,9.997492100732005005e-01,9.994657971100370242e-01,1.000220421710082075e+00,1.000225130562126363e+00,1.000190515790971180e+00,1.000984868497528213e+00
1.102520658333780545e+00,1.001413811207414017e+00,9.999880708478904312e-01,1.000109348138808585e+00,1.000062895937285701e+00,9.998258070607097814e-01,9.993661319464420822e-01,1.000267886353499280e+00,1.000249885279073991e+00,9.999825878008297142e-01,1.002652386080099323e+00
1.105792229305956553e+00,1.001217572509791154e+00,9.998085216603315173e-01,1.000734704883926796e+00,9.996491910980388473e-01,9.999137083347541255e-01,9.995814422424263990e-01,9.998939668327213592e-01,1.000286426174468613e+00,1.000589450876320896e+00,1.002460425295541357e+00
1.107913252467151777e+00,1.000762874064177632e+00,9.999084478518809327e-01,1.000621638558560900e+00,9.994942796385364314e-01,9.999719821812679266e-01,9.997996203169817742e-01,9.996191518928988495e-01,1.000392011345442977e+00,1.000773365581966612e+00,1.001996788436364083e+00
1.103772184755063446e+00,1.000832019025651887e+00,9.999495014659075531e-01,1.000156714930891866e+00,9.996681870399702907e-01,9.999215000981900303e-01,9.999883430670338802e-01,9.995643013607848903e-01,1.000357134921431079e+00,1.000545579348610437e+00,1.001218072975598838e+00
1.102115343478828891e+00,1.000500761607922451e+00,9.998873463608227707e-01,9.996648591414913909e-01,9.999559478226847098e-01,9.999461888150423805e-01,9.999876051768956664e-01,9.996899672549400817e-01,1.000244943304466450e+00,1.000282781971773227e+00,9.996291840208459956e-01
1.101018396248995224e+00,1.000017986916894142e+00,9.997948030776698802e-01,9.998089831945675687e-01,9.997281024541304628e-01,1.000120407141928958e+00,9.999554917810290489e-01,9.999077173043044997e-01,9.999496033633574754e-01,9.999826187373780373e-01,1.000551171689638252e+00
1.101166889092030976e+00,9.995207187277814764e-01,9.999242447735702255e-01,9.997227903681451533e-01,9.998190909168552798e-01,1.000068739339428969e+00,9.998965662759068396e-01,1.000130789312857926e+00,9.999763784232142960e-01,9.990961821433242962e-01,1.002263773907184463e+00
1.097438769806931891e+00,1.000518534640429946e+00,9.997383029940247745e-01,9.995793787917319762e-01,1.000102620855510605e+00,9.999167001021858070e-01,9.999493380970543299e-01,1.000160395058576235e+00,9.998829518243564918e-01,9.990937551851913900e-01,1.001284517706558130e+00
1.095033537949327229e+00,1.001110252845427429e+00,9.997240293213505158e-01,9.997240313482219642e-01,9.998012298752616545e-01,1.000095038893191735e+00,9.999579183478831679e-01,1.000122471157081971e+00,9.996375806761801375e-01,9.997248663127602519e-01,1.000359552710030409e+00
1.098364570270311980e+00,1.000880764325351446e+00,9.999598234158587617e-01,9.996780543571788247e-01,9.995960267551819989e-01,1.000261390783490967e+00,1.000043138787368946e+00,9.998831376145388417e-01,9.998072710415550901e-01,9.994133822805774114e-01,1.001810928828391178e+00
1.102595910824943237e+00,1.000659181006859910e+00,1.000053968559592610e+00,9.998357266912704100e-01,9.994828885629903903e-01,1.000280601301727135e+00,1.000124155282866356e+00,9.997833585494466657e-01,9.996696811555042528e-01,9.996709173139983751e-01,1.002756144388068815e+00
1.103622901444597737e+00,1.001510668390517722e+00,9.997083416943630674e-01,1.000142376498397212e+00,9.996148153510120427e-01,1.000120495169124490e+00,1.000130418194707271e+00,9.997281615139393951e-01,9.997925774077400796e-01,9.996703156358293096e-01,1.002083379781627537e+00
1.098769404977265829e+00,1.002464374223996924e+00,9.994737934914528221e-01,1.000171283375206555e+00,9.997992954760746009e-01,1.000065863538232014e+00,1.000047548395079478e+00,9.996384937820371741e-01,9.999171544336777906e-01,1.000123628039132129e+00,1.000158576434224234e+00
1.098459434220260489e+00,1.001762883405283189e+00,9.997424180893806911e-01,9.998609038795951420e-01,1.000029095875743179e+00,1.000061104734999429e+00,1.000014601628325783e+00,9.995914875296635360e-01,9.998869397878021870e-01,1.000251396312777930e+00,1.000964693046182630e+00
1.101643509722396663e+00,1.001190254627485565e+00,9.995240063879597958e-01,1.000066777792813832e+00,9.998890258282171484e-01,1.000222020592152594e+00,9.998141017019021026e-01,9.997725930720749998e-01,9.998634432840990405e-01,1.000164201328871183e+00,1.001189589481646047e+00
1.098792547135250430e+00,1.000875161552045922e+00,9.993265105970819961e-01,1.000300512920792029e+00,9.997801041110820908e-01,1.000272611821743984e+00,9.998512952021232358e-01,9.996742619245301276e-01,1.000015197811100931e+00,9.999197438766399548e-01,1.002370795086833022e+00
1.095608715567049973e+00,1.000161041986604937e+00,9.998899759953252531e-01,9.998089343463301137e-01,1.000093246786067702e+00,1.000077129735841952e+00,9.998886930373496185e-01,9.998153887459045874e-01,9.998775081894759609e-01,9.998879670016246335e-01,1.002322771446998884e+00
1.097111499097472409e+00,9.999082024675064462e-01,9.997165419700161371e-01,9.999027911673519231e-01,1.000035198215141419e+00,9.999954706949990557e-01,9.998929384126002962e-01,1.000085861619629757e+00,9.995467637698708385e-01,1.000309711124961698e+00,1.000856860731291986e+00
1.097186123675114811e+00,1.000849950848126779e+00,9.996069646401284370e-01,9.998831433730662743e-01,9.998888423690647231e-01,9.999686509293128633e-01,9.999010417488017888e-01,1.000099654250381498e+00,9.997640858885066262e-01,1.000110651664760653e+00,1.000177464649587789e+00
1.096340566866494504e+00,1.000601625502862690e+00,9.998994353236986266e-01,1.000278025904533186e+00,9.996902350014894578e-01,9.999445699224935868e-01,9.997761110106745397e-01,1.000195048495364114e+00,1.000076251254103044e+00,9.995730638250880373e-01,9.988890400032682804e-01
1.097185080369608823e+00,1.000231002496211552e+00,1.000467574737840648e+00,1.000265553151792552e+00,9.995468580563109384e-01,9.998940777161172688e-01,9.998848179884356480e-01,1.000121340961724448e+00,1.000017570486091412e+00,9.996876642649608069e-01,9.997022350313190531e-01
1.095029345592309467e+00,1.001568341616949853e+00,1.000258122344564793e+00,1.000087525999522553e+00,9.996107065523085478e-01,9.998816641916902226e-01,9.998996606852743607e-01,1.000104204148177578e+00,1.000009618989118332e+00,9.996390256169912503e-01,1.000310963618859406e+00
1.099448498861682832e+00,1.001447033071996229e+00,1.000228342899541989e+00,9.997256394982647620e-01,1.000015607841577836e+00,9.997420655969387893e-01,9.999499469975462462e-01,1.000124945424684553e+00,9.999891771512823269e-01,9.993892592301378830e-01,9.993835243308498706e-01
1.102742462376799626e+00,1.002273171344618463e+00,9.996541474894203860e-01,9.998897474984053124e-01,1.000067284616018126e+00,9.999572057223488075e-01,9.998309144206155574e-01,1.000033311235402511e+00,9.999485797263353293e-01,9.994360549654925929e-01,9.988715289362405381e-01
1.101986277229055844e+00,1.001820851120495126e+00,9.998123645267749104e-01,9.996552005690015896e-01,9.999836010811704590e-01,1.000236133631185131e+00,9.997945521914102240e-01,9.998900878446874696e-01,9.999262931745818150e-01,9.994672310596480758e-01,9.997111055321188378e-01
1.099654123804355343e+00,1.001963473578146413e+00,9.996139062453003321e-01,9.998624822975349380e-01,9.999133795389036905e-01,1.000375592960917936e+00,9.998353220348195070e-01,9.996984449164960651e-01,9.999330165295989836e-01,9.994925489105279670e-01,1.000070942697112830e+00
1.099556706559070118e+00,1.001227041511770111e+00,9.998771542609025120e-01,9.998749135636602059e-01,1.000040557944904762e+00,1.000329250286527971e+00,9.997690246408534875e-01,9.996848494407121200e-01,1.000064347844259682e+00,9.993039432153336676e-01,1.000455808509129962e+00
1.102651067692215658e+00,1.001507542395765116e+00,9.999547412692125770e-01,9.998851491343512254e-01,1.000055574648168744e+00,1.000219782033811455e+00,9.997824928403702405e-01,9.997551929720780439e-01,9.999783944696301052e-01,9.994981020788787918e-01,9.999132026740922274e-01
1.101330162508588950e+00,1.002544461937681541e+00,9.998906907970311897e-01,9.999117874030095665e-01,9.998059958507468092e-01,1.000252859541894468e+00,9.997618071750571378e-01,9.999523754640124995e-01,9.996536753997632418e-01,1.000028037887161103e+00,9.991536429632530414e-01
1.103028767234973451e+00,1.001690002712968708e+00,1.000382443621856465e+00,9.999013582877662731e-01,9.997710924644768182e-01,1.000074699353361130e+00,9.999689205867553499e-01,9.999473297335181865e-01,9.994436620070378252e-01,1.000067448089685174e+00,1.001107156030738077e+00
1.102547551062689202e+00,1.001134694893996091e+00,1.000620949217207123e+00,9.998287214407785006e-01,9.999428336414841745e-01,9.998994413120783076e-01,9.999692542601928968e-01,9.999921243027090068e-01,9.995376500934036734e-01,9.998037829972681312e-01,1.002921990080564374e+00
1.100530221002513409e+00,1.001201167101234857e+00,1.000162113950426424e+00,1.000246713806243637e+00,9.999398853793095565e-01,9.999139335214555224e-01,9.999342385497649310e-01,9.999118451157312792e-01,9.995341010251671543e-01,1.000293451858038862e+00,1.001697224252251051e+00
1.104044377859361159e+00,1.000378070486138693e+00,1.000122476488517043e+00,1.000184375439240547e+00,1.000071075842673629e+00,9.998602390836142106e-01,1.000057441704279126e+00,9.996802180948378691e-01,9.995218792201627789e-01,1.001072690762883743e+00,1.000233284349136609e+00
1.099877364377266353e+00,1.000463889383099492e+00,1.000299356930034467e+00,1.000015861157609542e+00,9.999784771288767748e-01,9.999861627925886731e-01,9.999506182868387327e-01,9.995634948321771018e-01,9.998830706354931985e-01,1.000918405908937991e+00,1.000761452951279384e+00
1.093659594473832097e+00,1.001035370546875969e+00,1.000083561720489955e+00,1.000199163366289223e+00,9.997937868378018456e-01,1.000069837146169593e+00,9.998895752089834721e-01,9.995084555268830551e-01,1.000193496427604245e+00,1.000599434049147751e+00,1.001316515178710009e+00
1.096780764931437391e+00,1.000899762721513930e+00,1.000055194029022765e+00,1.000137596438280596e+00,9.997478347348793815e-01,1.000076222828344630e+00,9.998787041875325521e-01,9.995885469864462802e-01,1.000159808248893389e+00,1.000785082112224611e+00,9.993280970188026524e-01
1.098049681905946429e+00,1.000977270207764835e+00,9.999713469140192323e-01,9.999681230591321857e-01,9.997475671517461748e-01,1.000055128107822489e+00,9.999419708915697758e-01,9.998429572658250608e-01,9.999237328889322152e-01,1.000018954437138285e+00,1.001583460822348615e+00
1.098559407384434250e+00,1.001189981835991283e+00,9.997077999254305736e-01,9.997087827048053432e-01,9.998887291256387533e-01,1.000089753151510052e+00,9.999494805259661057e-01,9.999341930800341727e-01,9.997114438066426745e-01,9.999159277590832229e-01,1.003129585943303814e+00
1.099934636812216482e+00,1.000731348637465601e+00,9.994755028862820634e-01,9.999053024085480246e-01,9.998978659439446970e-01,1.000105728688713169e+00,9.998997514897772776e-01,9.999474924170047574e-01,9.997588401171421113e-01,1.000150278594610809e+00,1.000873059942620547e+00
1.099441631198718072e+00,1.000375523118104404e+00,9.994568950207216584e-01,9.998770144141929661e-01,1.000110950837427071e+00,9.999259471173397307e-01,9.998526894981161206e-01,1.000131887676200204e+00,9.995331803058472575e-01,1.000590383116062965e+00,1.000878189690675546e+00
1.099193446687468212e+00,1.000870774823559683e+00,9.994022834143015954e-01,9.998106916618905160e-01,1.000195803304088304e+00,9.998517680142327002e-01,9.999309757548685562e-01,9.999819094535002950e-01,9.997450545440675906e-01,1.000707494215008930e+00,9.979629544564659893e-01
1.098486614790519456e+00,1.001687958706501069e+00,9.991304652338653947e-01,1.000095792155181629e+00,9.999473449382855206e-01,1.000065589153802836e+00,9.997944734208668027e-01,9.999479819404403225e-01,9.999528926134897411e-01,1.000354322732275980e+00,9.979368870899371080e-01
1.098863497148387047e+00,1.001844428285207034e+00,9.995839677101520104e-01,9.995019721461748663e-01,9.997936377298753952e-01,1.000261914640394156e+00,9.998590377863867396e-01,9.997147713612498654e-01,1.000171038450183181e+00,1.000274137725696511e+00,9.987700923976341461e-01
1.102095091384415859e+00,1.001138891921607765e+00,1.000333098376309682e+00,9.991846110880058252e-01,9.998278430680355156e-01,1.000056802618739527e+00,9.999425742674032946e-01,9.997810769089559013e-01,1.000126042018806061e+00,1.000367625623046930e+00,9.997409139851177740e-01
1.101345923850583386e+00,1.000989016741510973e+00,1.000203487887327380e+00,9.998340874820046409e-01,9.996608258004167080e-01,9.998161194520951423e-01,9.999653093048664898e-01,1.000005976697162069e+00,1.000116555875839142e+00,1.000199952901334788e+00,9.992997792880478070e-01
1.095055861006815290e+00,1.000936265762453647e+00,9.999664034273628710e-01,1.000507690696678997e+00,9.996119822184524883e-01,9.996447306646616404e-01,9.999987824147514859e-01,9.999586266789359801e-01,1.000297523803347355e+00,9.999317438987224138e-01,1.001000682776215900e+00
1.097000894513566527e+00,1.000120346746379951e+00,1.000449077286512445e+00,1.000300139640059038e+00,9.997215876317916416e-01,9.996961862833610990e-01,9.999277552846215222e-01,9.999816158816160483e-01,1.000067287747934186e+00,1.000186122238965192e+00,1.002366612366252685e+00
1.093883319792794184e+00,1.000419664917144180e+00,1.000405722122320151e+00,1.000108404938808038e+00,9.997998553745114370e-01,9.998415816610181084e-01,9.998419264385834948e-01,1.000012238866069048e+00,9.997921936081437533e-01,1.000606741535555066e+00,1.002366752472074740e+00
1.093927518504236751e+00,1.000054373683176179e+00,1.000477263845278797e+00,9.998322810841216990e-01,9.999286194928868055e-01,9.999216922078764114e-01,9.998138867613941549e-01,9.998386888072334777e-01,1.000009312731799715e+00,1.000707521463350513e+00,1.001416279477101323e+00
1.094045660477962478e+00,1.000387424461176789e+00,1.000251379833591914e+00,9.997280189028326935e-01,1.000038920092565453e+00,9.999575137564203908e-01,9.997475631730653456e-01,9.999145536870602813e-01,1.000066857454484648e+00,1.000232129541789972e+00,1.001988108862253091e+00
1.092080444813962714e+00,1.000692096065213255e+00,1.000129316458832518e+00,9.995030647838808457e-01,1.000080702297464041e+00,9.999059739321939366e-01,9.998897018876390375e-01,1.000019607016005452e+00,9.997605674493905692e-01,1.000385186168897045e+00,1.001241387441346609e+00
1.095386804724183483e+00,1.000390858590436194e+00,1.000213367141959298e+00,9.992850221096540864e-01,1.000060951508130902e+00,9.998267175445697541e-01,9.998959299447073290e-01,1.000245735433833216e+00,9.998193483969368689e-01,9.997384161671453162e-01,1.001983762293560343e+00
1.098256510710240219e+00,1.000562239321893143e+00,9.996721301174252838e-01,9.996471015559638129e-01,1.000029775530598908e+00,9.998093769148289622e-01,9.999495413119255938e-01,1.000231260442900227e+00,9.997977888657324508e-01,9.998133705597842535e-01,1.000256306043944887e+00
1.101254431894990393e+00,1.000916451348178304e+00,9.991920064856399941e-01,9.994987622236549685e-01,1.000291300513293624e+00,9.997451430155902541e-01,1.000066595445223028e+00,1.000155331497218913e+00,9.996918301772208526e-01,1.000026637392487983e+00,9.986213843947339130e-01
1.103108013524033648e+00,1.001668687144843251e+00,9.989200897896307607e-01,9.993431612488541393e-01,1.000130257166831349e+00,9.999500563358078020e-01,1.000116851095711690e+00,9.998293187010928174e-01,1.000013483035950834e+00,1.000010550442220536e+00,9.994761067676570798e-01
1.097748759961495457e+00,1.001438289346460842e+00,9.991465327155215626e-01,9.993582611712744646e-01,9.999585441403071595e-01,1.000226684245238085e+00,9.999204465750127779e-01,9.998346381021346874e-01,9.999925760267851516e-01,1.000108319870885554e+00,1.000175531992361977e+00
1.099052508570069087e+00,1.000392529536478170e+00,9.995843575454907981e-01,9.993756225810354055e-01,9.999684711108423052e-01,1.000059858025860837e+00,1.000022653759216729e+00,9.998994712114893657e-01,9.999696355662457403e-01,9.997059225295066298e-01,1.002422556559062539e+00
1.097194560620981862e+00,1.000520696675176291e+00,9.997907784153663435e-01,9.992860866056109126e-01,1.000054844375359853e+00,9.999457305483663294e-01,1.000078583240020302e+00,9.999020139574443800e-01,9.998879773400751736e-01,9.999806731226087431e-01,1.001292771410243088e+00
1.098477711076669472e+00,1.001037521747803583e+00,9.996794415364759212e-01,9.993078751357030720e-01,1.000054190639468654e+00,9.999208689554869300e-01,1.000048632529912496e+00,9.998799947764211993e-01,1.000090682080695625e+00,9.997355487300476629e-01,1.001158378792014192e+00
1.095746836538784574e+00,1.001728101260472847e+00,9.996465252143835745e-01,9.993958883479854283e-01,9.999725773674200680e-01,9.999463887034450993e-01,9.999756558408038343e-01,9.999777926575512677e-01,9.999971596482616354e-01,9.998708564567827528e-01,1.000692450824974378e+00
1.096812646795581658e+00,1.001936616740493502e+00,9.996547520310324897e-01,9.997288118627717379e-01,9.997688769675631137e-01,9.998818953019783518e-01,1.000092313057353355e+00,9.999859869489594599e-01,9.998858954485355666e-01,1.000016290853976031e+00,9.994516684562138042e-01
1.099168693095083915e+00,1.001431430307678783e+00,9.995711310767841917e-01,1.000475624719541434e+00,9.996660202603013801e-01,9.998350536199190897e-01,9.999289226041802037e-01,1.000126208365727187e+00,1.000048734398411465e+00,9.993365177960427115e-01,1.000580232877857023e+00
1.094528289761620199e+00,1.001103134730655153e+00,9.998177798876588529e-01,1.000467061130162483e+00,9.999002772692350272e-01,9.998674815915961078e-01,9.997674558304147086e-01,1.000153760514828294e+00,9.999024944903893708e-01,9.994881261567326591e-01,1.001591030461249199e+00
1.094894721849685171e+00,1.000792655609903381e+00,9.998037374277387590e-01,1.000353803041146072e+00,1.000165849695751064e+00,9.999281752217938912e-01,9.998096877971812679e-01,1.000020832896769907e+00,9.996518950090240718e-01,9.997728251219089035e-01,1.001231582589130698e+00
1.098551009772093856e+00,1.001022630090893317e+00,9.998033829525523331e-01,1.000123558043513938e+00,1.000318833481394609e+00,9.999935857231488923e-01,9.998639330133979319e-01,9.998648690167051267e-01,9.995127626794735320e-01,1.000147011333144098e+00,1.000122524122635248e+00
1.099355884049630028e+00,1.001458657767515747e+00,9.998493578786179503e-01,1.000135244093339093e+00,1.000368343053467335e+00,1.000024131330220944e+00,9.998547750759511077e-01,9.997268224784793267e-01,9.997596195875094738e-01,9.996881945760449639e-01,9.999352636474857503e-01
1.098625854140314217e+00,1.001480011648328894e+00,1.000272850664535973e+00,1.000025178538317183e+00,1.000452022195333024e+00,1.000028261186407752e+00,9.997864516622613218e-01,9.996479418471876377e-01,9.999270603381110734e-01,9.995242840395692774e-01,9.995069954642706866e-01
1.099040954862785968e+00,1.001109158411548794e+00,1.000697575842984133e+00,9.999169763938069444e-01,1.000419831798816439e+00,1.000048776299881759e+00,9.998036351285241041e-01,9.995439087937352252e-01,1.000152569255999158e+00,9.991440737794238247e-01,9.994887684566967634e-01
1.098440552727878439e+00,1.000960361867655024e+00,1.000812086999244066e+00,9.999215166220493112e-01,1.000158414373384819e+00,1.000130155862474890e+00,9.997997208044553386e-01,9.997286078760453387e-01,1.000028388394481826e+00,9.990696552744448011e-01,9.982951020309634993e-01
1.096823296703837158e+00,1.001156377319025514e+00,1.000700198684890019e+00,1.000169357245259460e+00,1.000040790764860521e+00,9.999116899621788290e-01,9.999784291867580555e-01,9.998903176467895948e-01,9.996692921446613811e-01,9.994434959571071309e-01,9.988161123253422868e-01
1.099794872145750002e+00,1.001779111372904874e+00,1.000233970488760171e+00,1.000250831573742616e+00,1.000002588401387449e+00,9.996740448570673454e-01,1.000071949845764863e+00,9.999696565327286235e-01,9.998749215521742784e-01,9.992802211284238512e-01,9.997312881902915560e-01
1.095237944752403658e+00,1.002283286421394859e+00,1.000288164884905351e+00,1.000079974585798226e+00,1.000014005010997797e+00,9.995040352916277904e-01,1.000049264012511374e+00,1.000081212831868349e+00,9.999998032659173086e-01,9.994596095001934133e-01,9.998963148469972584e-01
1.092478531683636511e+00,1.002135995061308460e+00,1.000467104567727361e+00,1.000045093454317247e+00,9.998791432298720361e-01,9.994995617830864099e-01,9.999921912464800888e-01,1.000128515836075982e+00,1.000140232605303048e+00,9.996247995185482127e-01,9.992342927250617013e-01
1.091700152214980513e+00,1.001709276028915907e+00,1.000432323169530680e+00,1.000207196178732438e+00,9.998420562633530961e-01,9.995349721448384406e-01,9.999253233926216344e-01,1.000181953471584562e+00,1.000088176546068741e+00,9.997502614523119391e-01,9.992219427650097519e-01
1.092311025614479902e+00,1.001655317323380645e+00,1.000110209395548733e+00,1.000286568315537750e+00,9.999870918921474061e-01,9.995739098247060639e-01,9.998011454857945735e-01,1.000098901621352399e+00,1.000202116336704528e+00,9.999232953506097532e-01,1.000663027370481517e+00
1.097707298210988558e+00,1.000827310224798206e+00,1.000337609378699089e+00,9.998490592824694767e-01,9.999934038615613252e-01,9.997941951663411597e-01,9.997360555367732493e-01,1.000045762151781759e+00,1.000142861025183016e+00,9.999978297055335252e-01,1.001978583816531598e+00
1.096341915616104723e+00,1.000980674495704381e+00,1.000303216530892714e+00,9.995863001843138251e-01,9.998625042945424868e-01,1.000095268539846094e+00,9.996351784424309939e-01,1.000097907882095960e+00,9.999967165964469551e-01,9.999283359366517576e-01,1.002482503541465508e+00
1.093076427167465559e+00,1.001359758247406306e+00,1.000159150149009690e+00,9.995623200484334836e-01,9.997865840716384511e-01,1.000113941524698902e+00,9.998343085245782191e-01,9.999289840750267278e-01,1.000009356281339024e+00,9.998449153343446083e-01,1.002392458430310551e+00
1.094943394113329749e+00,1.001423195288334789e+00,1.000024601643147104e+00,9.995652516935359388e-01,9.997040653967256274e-01,1.000015632243051344e+00,9.998950762861057440e-01,1.000045417718051111e+00,9.999546309969234992e-01,1.000053807200129485e+00,1.001119665463052755e+00
1.098711957160590114e+00,1.000949212984401759e+00,9.998970916514048346e-01,9.996926631409810415e-01,9.998157291319091922e-01,9.999396949678696078e-01,9.999030020406376451e-01,1.000113528281671993e+00,9.997494474774049067e-01,1.000471794886445664e+00,9.995782222826179453e-01
1.099877604887756544e+00,1.001022096731405853e+00,9.997582359741078450e-01,9.996151235401057322e-01,9.998269454873682793e-01,9.999839477910948959e-01,9.999774784208729228e-01,9.999701545329362506e-01,9.999986672084729689e-01,9.999801549680136237e-01,9.995073054437900728e-01
1.097837501718063935e+00,1.000307407993703102e+00,9.997210540388429267e-01,9.999747304351178645e-01,9.996774942226820393e-01,9.998945536971710624e-01,1.000036984709170351e+00,9.999935223794544914e-01,1.000132968963678204e+00,9.997972178573841795e-01,9.995194618183985691e-01
1.100644842511560695e+00,1.000292189708804180e+00,9.996257257853572442e-01,9.999650310818115617e-01,9.997276761893039154e-01,9.998337899745709523e-01,1.000073199062144980e+00,9.999485387658820779e-01,1.000056003815070538e+00,1.000185432346479608e+00,1.000175167818615707e+00
1.100957446543660456e+00,1.000644308007959893e+00,9.991728669843189525e-01,1.000069308633436460e+00,9.997601283337987921e-01,9.999529841697373245e-01,9.999341944444705144e-01,1.000093940663988379e+00,9.999549061917811787e-01,1.000008847564978653e+00,1.000163704177190027e+00
1.103407316753148626e+00,1.000354568281673240e+00,9.990319015466515573e-01,1.000001046682781558e+00,1.000008902611035477e+00,9.998547806230789758e-01,9.999313705605237246e-01,1.000154663885436390e+00,9.998686925912702028e-01,1.000094829478089142e+00,9.990540299163451765e-01
1.104783531495783677e+00,1.000424917420484228e+00,9.989828723101034091e-01,1.000033110979536621e+00,1.000124282816238885e+00,9.997654283556107746e-01,9.999692072118254726e-01,1.000114863782440189e+00,1.000018324830554750e+00,9.996501509210069525e-01,9.996144465096554743e-01
1.104514913012768496e+00,1.000062831311769207e+00,9.990814986680287557e-01,1.000265286867978221e+00,9.999216047469735580e-01,9.998611856683432553e-01,1.000006672121695583e+00,1.000146639862439235e+00,9.996982653811583575e-01,1.000089143139801129e+00,9.988258844492484689e-01
1.101303166180667814e+00,9.998827345714180748e-01,9.996070269270838082e-01,9.999920319101706090e-01,9.998335132960760596e-01,1.000042484413180777e+00,9.999037313850336339e-01,1.000079013288536878e+00,9.997266569199785291e-01,1.000245691657881464e+00,9.990816154949687666e-01
1.098576275899485255e+00,9.997930428594786756e-01,1.000098109233518384e+00,9.997220971500322406e-01,9.996731183760090289e-01,1.000215325787437770e+00,9.998771901322114353e-01,9.999266594101300365e-01,9.999170427292385366e-01,1.000038183366274369e+00,1.000709417545976754e+00
1.098186087893686658e+00,9.999108282608725196e-01,1.000043453171328700e+00,9.999433511141804232e-01,9.995925047965406041e-01,1.000161287992380910e+00,9.999773458835267137e-01,9.999081891349494988e-01,9.997731191348876445e-01,1.000035489919476994e+00,1.002340343700941050e+00
1.095624895113160857e+00,1.000914714830525298e+00,9.997938845758433946e-01,9.999364427136354649e-01,9.998176212334729529e-01,9.999162672432594379e-01,9.998854996827180042e-01,1.000176182983264050e+00,9.998023418662164152e-01,9.997361443700955030e-01,1.002389885469221031e+00
1.099935507055998851e+00,1.000861278411405042e+00,9.997287992524731548e-01,9.998709555376162905e-01,9.999924979642003109e-01,9.998083664804917614e-01,9.997491808566358884e-01,1.000421791226707047e+00,9.997747325530090823e-01,9.995818384233667864e-01,1.001709757624450692e+00
1.102829475271979831e+00,1.000625386481745371e+00,9.997225772953964862e-01,9.997518647432446226e-01,9.999981620846419839e-01,9.997810617624744989e-01,9.999404035074782593e-01,1.000137311145573582e+00,1.000062402970468556e+00,9.995216973617084832e-01,1.000312956154267408e+00
1.100362913717320978e+00,1.000584974090505952e+00,9.998535460214568182e-01,9.994782860300465144e-01,1.000016302450644989e+00,9.999151148634339847e-01,1.000047424002506125e+00,9.999078796703533278e-01,1.000088151443499163e+00,9.995318865729250213e-01,1.000347191596401286e+00
1.094905657879400529e+00,1.000687845121850161e+00,9.998491187585382134e-01,9.995395165188863951e-01,9.999989401216943241e-01,1.000044410615213986e+00,9.998539679435994865e-01,1.000002940985541988e+00,9.999926339603940617e-01,9.998934224332420850e-01,9.994319289808609730e-01
1.095295314033339906e+00,1.000412931885297674e+00,9.997068554718712141e-01,9.997443979106719336e-01,9.998813234824751595e-01,1.000036313697634460e+00,9.999025399191110441e-01,1.000073994007891320e+00,9.998513015351887523e-01,1.000020044081798787e+00,9.990548878803150457e-01
1.098046095452480220e+00,9.995854174665164127e-01,9.996641269114838746e-01,9.999216726443044267e-01,9.999728819779478695e-01,9.998740692344780800e-01,1.000057321047527648e+00,9.999815459851393307e-01,9.999351846317195980e-01,9.999907282980854406e-01,9.978310892721140579e-01
1.099477393013402970e+00,9.996974003682114196e-01,9.995793501140590731e-01,9.999653001552609721e-01,9.998016804287910286e-01,1.000036851156804740e+00,9.998745075009345396e-01,1.000116500327200786e+00,9.998725247341871958e-01,9.999783599850688987e-01,1.000046949228091675e+00
1.096128571387295914e+00,9.995690195338483575e-01,9.997865369940721614e-01,9.997865867564306175e-01,9.999751194618565764e-01,1.000028809878102276e+00,9.998128314603526023e-01,1.000081981049485202e+00,9.999102083110120720e-01,1.000007567603847347e+00,1.000433743330744418e+00
1.097096866152671435e+00,9.991048177101274907e-01,1.000025293331181286e+00,9.998395170453995284e-01,1.000094458703538081e+00,9.999570310891543468e-01,9.998762174681871118e-01,9.998991337579437033e-01,1.000018828615405031e+00,1.000102557259613834e+00,9.998628801103653929e-01
