8.638328672255074503e-02,1.504455453093321137e-04,-1.293336471356793636e-05,1.397398887650827678e-04,-3.619646113170129536e-05,3.016002786621657970e-05,-1.267435605494155761e-04,-8.079015182958241214e-05,1.257380350285048884e-05,3.277632845757444922e-04,-1.398700055041131166e-04
9.023286729854421151e-02,4.892992463857323516e-04,9.068167090117534824e-05,1.674513563744123410e-04,-1.139386565601582975e-04,2.476794554701282388e-05,-6.629617521535126476e-05,-9.996029642017827761e-05,8.161390888541742762e-05,8.860286013551853148e-05,-1.180263536954893986e-04
1.028013203520188878e-01,-4.185024706804265043e-04,9.306711265617889224e-06,2.024622244685926533e-04,-1.640424515932577829e-04,2.411911641925921959e-05,-7.734264034349537021e-05,4.586504830069032331e-06,4.947832910038888420e-05,7.974598946065798244e-05,-5.596135166915157144e-05
1.121937037409882626e-01,-3.873013898650120158e-04,-3.287573055977644301e-04,1.361812194026330543e-04,5.497361887468405411e-05,-6.221924622236134242e-05,-2.101200038791118085e-05,4.487958167013121169e-05,6.525762153104318721e-05,-2.172584975036595111e-04,8.396934537025504424e-06
1.180804942043287981e-01,2.441696167531993197e-04,-4.756684658303665767e-04,7.815666280363807992e-05,-5.335270414710206987e-05,-1.809858674148766980e-05,3.513936751782963320e-06,7.588175043739266124e-05,3.558473286701658818e-05,-1.683409233872767746e-04,-5.790083622613020073e-04
1.270516709246790055e-01,8.169512494722838735e-04,-4.406227360422511796e-04,9.081749231108725002e-05,-1.939245092094866920e-04,3.226613682147014031e-06,5.295487449035012164e-06,-7.597713009930987318e-05,2.409376216314947203e-04,-3.006515533693645235e-04,-4.484472661166170757e-05
1.283900683416197008e-01,2.175629377635686715e-03,-3.703660177661716830e-04,-3.821802159893641199e-04,-8.253530233555894050e-05,3.868311573950289052e-05,-1.204044815943167883e-04,5.013414192025876645e-05,-9.617032569829982470e-07,-9.220288110916721811e-05,4.002474975221684337e-04
1.309269641635739667e-01,2.916144163319920376e-03,-2.350313569375339390e-04,-5.097016718454803899e-04,-1.219558582961937683e-04,1.308765804314587646e-05,-6.781742725129429863e-05,-3.454972213449945275e-05,-4.862920415256675061e-05,2.344958197421358897e-04,5.324303233229032506e-04
1.328960353959006691e-01,3.385052265293323707e-03,-8.158722857808193489e-05,-4.920366253808327889e-04,-1.165143225210774069e-04,-9.376866265080196106e-05,-1.171804347225005778e-04,3.645549857071638477e-05,-1.323900442509175406e-05,3.392096479515927009e-04,9.069664862138297669e-04
1.315181034650434733e-01,3.485259448666291286e-03,2.276632154388817599e-04,-4.029966722368989339e-04,-2.311572989073150603e-04,-8.986489997834761607e-05,-2.040750680693632566e-04,1.482143087593937585e-04,3.395889394939331996e-05,5.496934539117770315e-05,8.384287660271628204e-04
1.293110630303069830e-01,3.720250462772789739e-03,6.647658393766931470e-04,-2.043401408529053605e-04,-4.585044345270727841e-04,-1.777969836185826376e-04,-1.599614125168276584e-04,1.987809965553229542e-04,9.191065301449273257e-05,-2.252363690965432288e-04,-1.322061861124564476e-03
1.369165663640333763e-01,3.850360024702679726e-03,6.363768173291932785e-04,2.995931642887216813e-05,-4.526941945799848959e-04,-3.500013554511035674e-04,1.576101579721472283e-05,1.143433691712326998e-04,1.361839179369270789e-04,-6.139712691648022570e-04,-3.201340294335411948e-03
1.374179886439502729e-01,4.714492723068584856e-03,4.375974969832889050e-04,-1.437958856053657896e-04,-2.719417466815908968e-04,-4.075602034854857391e-04,3.875232919256374275e-05,2.091155978858182259e-04,-1.686374032402992702e-04,-5.256830189312417618e-04,-2.914997396392172459e-03
1.353734254836533868e-01,4.559881790111749468e-03,4.559253368066969354e-04,-2.599896772383263120e-04,-1.762995236155993526e-04,-3.149018427400050312e-04,-1.611632651679766894e-04,3.071997985971874272e-04,-1.140933983708558819e-04,-6.438987889800371804e-04,-2.670646176238318254e-03
1.332024717449123152e-01,4.450338267284880724e-03,3.697532717529552712e-04,-8.626848066066112924e-05,-1.502637976316255244e-04,-2.437681573375440362e-04,-2.602919834549961018e-04,2.625677952357169127e-04,-1.645977287907821748e-05,-7.822649321546235263e-04,-1.806226691754317642e-03
1.347708301592065450e-01,4.961592499468601807e-03,2.361867926314787270e-04,-3.109315468557425689e-04,-1.891830078188627663e-04,-1.564007731309133547e-04,-1.529966081645662841e-04,1.136779701844777750e-04,-1.299472408487432060e-04,-6.055156224902100322e-04,-1.493915203617129624e-03
1.369608100866392952e-01,5.579912535074917773e-03,2.834530832457619800e-04,-5.150868159021295984e-04,-8.551112026062649145e-05,-1.160768349015076480e-04,-5.814163502045258786e-05,-1.600894715884690182e-04,-2.449656851392656713e-04,6.102433442507364968e-05,-1.240039762269205511e-03
1.361020703197990955e-01,6.114913514715331587e-03,5.478204460027663722e-04,-5.615751862567523473e-04,7.513451184091893514e-05,-6.452602924704059246e-05,-1.463063142942133677e-04,-2.432688511068402946e-04,-2.578290341620744831e-04,-6.771628404299250608e-06,2.648984036892766789e-04
1.356057989054845203e-01,6.493009653841561729e-03,8.690724146463361770e-04,-3.533849038284781418e-04,2.982378343983372730e-05,-1.036513719413822217e-04,-2.235084272811322173e-04,-1.683018018237954704e-04,-2.074237549154947903e-04,-4.052859927949258793e-04,1.594173357221468062e-03
1.380161938134965294e-01,6.708372420015954948e-03,8.708634328303962394e-04,2.422874045985641176e-04,-2.380012935968737960e-05,-2.573631722348373768e-04,-2.562610290757232523e-04,-3.251016371976865724e-05,-2.637009017129008661e-04,-5.618897664931203715e-04,5.500274157752084491e-04
1.392924833431895271e-01,6.688579051753602324e-03,9.696022943540412138e-04,8.192733252354720457e-04,-5.551544419382051248e-05,-2.872138107999630606e-04,-3.616300932875730792e-04,1.331879430294443528e-04,-4.578264648667984202e-04,-7.449122492686777739e-04,-3.610201350791926054e-04
1.400754592292003942e-01,6.465504938503448956e-03,1.546172496988992666e-03,7.197554564408813844e-04,1.723496706684899882e-05,-2.728805444545354141e-04,-4.323864812574337965e-04,3.014339691954248695e-05,-5.338776054541117437e-04,-3.751921772536751659e-04,4.504493210372556003e-04
1.371262540025457999e-01,7.288245353367130315e-03,1.811853911802516074e-03,6.228203425389846476e-04,1.527024590195392051e-04,-2.703387273299658533e-04,-4.089589998456010715e-04,-2.607853013179907181e-04,-2.157648759753800854e-04,-5.271853271744717613e-04,-1.470162875478582963e-05
1.367639552583846674e-01,7.766086403102943556e-03,2.307560815517531710e-03,3.616524402353382141e-04,1.684368872152689964e-04,-1.783724353263398013e-04,-5.517164555503837123e-04,-3.491046107931350742e-04,-8.549284165580348354e-05,-5.235308266387714553e-04,-3.965774072936080279e-04
1.375885915979740415e-01,7.806768214457001157e-03,2.729529463624327801e-03,3.070215742240095828e-04,7.991728518736759140e-05,-2.050816609985392936e-04,-5.996392964076758657e-04,-3.717424144170824573e-04,-1.848706095966598094e-04,4.588241458297684779e-05,3.023075875017129459e-04
1.358733157823032722e-01,8.033740409213591116e-03,2.741889946764904714e-03,5.575174916719083688e-04,-3.419372213797784303e-05,-1.900330730021953954e-04,-6.825812387205372912e-04,-3.652056449007671309e-04,-3.642206917282895086e-04,6.573377429157472836e-04,8.494903774605661127e-04
1.380865605557667353e-01,8.060992178245055331e-03,2.872383216800268330e-03,8.696285435783315462e-04,5.042129324204627701e-05,-2.977036066203758041e-04,-6.802123875625493534e-04,-5.009380303154064695e-04,-2.006894209748537881e-04,4.687931044532916199e-04,2.402019011994726855e-03
1.383831597747124387e-01,8.513637140552358928e-03,2.602809128172206121e-03,1.096880899782916091e-03,-1.707792686643121033e-05,-3.281697989941695544e-04,-5.052336477860812922e-04,-6.828983909240160651e-04,-3.191078871267385032e-04,5.786923530817737879e-04,3.170513011111465718e-03
1.400595845069004808e-01,7.938159026926648598e-03,2.692823314334112563e-03,9.359384231881151756e-04,6.617338947464223946e-05,-2.142329583508968953e-04,-5.711838501320342775e-04,-6.352182447227563847e-04,-5.866470216079657787e-04,8.174610220015079412e-04,2.929967003511238077e-03
1.390745279698277770e-01,8.680486558702219316e-03,2.599919283803183660e-03,1.077232651740525063e-03,5.508192389617402602e-05,-2.611662720404268195e-04,-5.098504880875155600e-04,-6.264747059523783886e-04,-7.324236475704274611e-04,7.969024844372221564e-04,3.230135972453048072e-03
1.407448061406403328e-01,8.419677881395765812e-03,2.451667088739044580e-03,1.069252836598543182e-03,9.665513282156864639e-05,-3.522227649074936981e-04,-4.462947647500687385e-04,-4.363939031794320488e-04,-8.259089417232172914e-04,5.458368728748986187e-04,2.078762927360261557e-03
1.409817371846137091e-01,8.764809821895999317e-03,2.420871765875203321e-03,1.203182383134523362e-03,5.718035822423641181e-05,-3.494569210413446970e-04,-5.177551082018865295e-04,-2.248487189544212379e-04,-8.586591740001127187e-04,6.947870587901677725e-06,2.690261762269325105e-05
1.374164319675303114e-01,9.007881734200386820e-03,2.350615302670674457e-03,8.905699267318227010e-04,1.424213983504425002e-04,-3.673940843122027269e-04,-4.187717219641988930e-04,-2.674712934246424676e-04,-7.424844630604053022e-04,-1.459285309683726523e-04,-6.112148071065220305e-04
1.390546244086850458e-01,8.738023063335813301e-03,2.119704425834959775e-03,6.759409579187503807e-04,3.421736507354664666e-04,-3.154586006565222021e-04,-3.997705645874990153e-04,-3.704169724090226466e-04,-6.051290224410034143e-04,-2.908287037075302098e-04,1.049601479330903090e-04
1.404042964179438302e-01,8.619132657092753308e-03,1.623604321729349605e-03,8.680696993125529195e-04,1.013014836036820680e-04,-1.403879140090634589e-04,-4.104762543511613401e-04,-3.358738435088971580e-04,-6.046388309148653488e-04,-2.333530686428810386e-04,-1.613344422670330927e-04
1.414286889496534916e-01,7.992054741269651735e-03,1.413548596710298508e-03,7.902253906599579188e-04,1.908488250191191021e-04,-1.603363186564313379e-04,-4.106744133508797071e-04,-3.769686763049381992e-04,-5.203428704270990227e-04,-9.979250664459812423e-05,-4.680966382974375141e-04
1.422648146678116843e-01,7.857209984765141375e-03,1.787385742809849062e-03,4.458473188681438327e-04,4.210172208074524931e-04,-1.397162793444570866e-04,-4.903506227468884190e-04,-3.475280733091160447e-04,-5.823535173059285345e-04,-5.001597400524307880e-05,6.459277791159455037e-05
1.386176354381704334e-01,8.318773820502577132e-03,2.231323139582044607e-03,8.528341081205001971e-04,2.964562081429622390e-04,-1.631401573212053928e-04,-5.857984764562086926e-04,-3.241380274997967301e-04,-5.804766149898801103e-04,-7.811955860322864365e-05,7.209782799294238735e-04
1.341268201799415416e-01,8.011744045940603215e-03,2.720980686462479755e-03,1.238028381777272298e-03,9.262327866626550248e-05,-2.302856424443915984e-04,-5.381962834249474741e-04,-3.801578094660996716e-04,-4.817005226121420921e-04,9.697864817566664213e-05,1.181721966131051406e-03
1.341652058918389456e-01,8.246281864260211411e-03,3.130170290535346476e-03,1.358503064154175082e-03,6.374302354403523074e-06,-2.169559975906254078e-04,-5.320488786097655890e-04,-5.262030733291464014e-04,-3.702094075828056465e-04,2.373989882073894192e-04,1.572232213699328862e-03
1.355426183167410537e-01,9.231737742418694506e-03,3.355993951515129532e-03,1.426535800173450112e-03,2.803174659349055462e-04,-3.497456003380645180e-04,-7.255231090682797432e-04,-6.200583900920838979e-04,-1.811593379481484607e-04,1.316336725187903633e-04,2.220000903001060396e-03
1.400559366447426402e-01,9.377921739037826596e-03,3.365997230910685017e-03,1.369608856714195702e-03,4.076737246725180633e-04,-2.952862930103006115e-04,-7.510488410498346312e-04,-7.225443822431878256e-04,-3.183448682776040856e-04,4.471253028492882761e-04,2.831253705349951778e-03
1.397761033307858558e-01,9.903486343097794506e-03,3.176960069110089119e-03,1.517090968030477844e-03,3.606443940800742624e-04,-2.538749039532181215e-04,-7.164623464654656503e-04,-9.073913030742285961e-04,-4.064779987314000222e-04,7.160831901291223609e-04,2.885741284096241584e-03
1.389676363223781019e-01,9.713997372019998397e-03,3.005578136849591190e-03,1.535917649541920825e-03,4.886731350238877024e-04,-3.356141338960415819e-04,-6.458581074158351466e-04,-9.556635496400613713e-04,-4.211968894370288403e-04,5.210369945007693911e-04,2.623096841083132937e-03
1.376689744173539010e-01,9.068527456548501967e-03,3.036063936515017748e-03,1.631922999022339740e-03,6.828084136428412510e-04,-2.296509709333491810e-04,-7.259263374331118360e-04,-9.458988762376814010e-04,-6.383233155071868850e-04,4.265377735289155618e-04,2.793514127487822796e-03
1.395001438891152745e-01,8.260990255233543675e-03,3.205990443372640393e-03,1.857662348252478229e-03,6.043854830248281780e-04,-1.510623803989539387e-04,-7.555155179763072514e-04,-9.179030210351021239e-04,-5.538235685017257838e-04,4.312116877078082776e-05,1.915665670060831896e-03
1.370454043174063052e-01,8.346258587824588113e-03,3.187858819213145681e-03,1.979167094217599860e-03,6.130632447093731620e-04,-2.104705488426585318e-04,-7.111346703291113224e-04,-9.090132010893008834e-04,-1.669738188412896434e-04,-8.475453479052652561e-04,1.360445820364012889e-03
1.365480060395605766e-01,8.405491061938476227e-03,3.165367715985942503e-03,1.748462556616494972e-03,6.402481915656149875e-04,-7.443071312974976824e-05,-7.418328785620333403e-04,-8.032922360121726342e-04,-3.053379019996784339e-04,-1.330009923445711010e-03,-9.419557291645477143e-04
1.366447104451404271e-01,8.718418159121752581e-03,3.201350637758143113e-03,1.419920501347863477e-03,5.693353537006156945e-04,-8.971211197840243251e-05,-6.025487255306410505e-04,-6.272721021133504434e-04,-7.860127508270195852e-04,-1.326826633433956246e-03,-2.295240379361966360e-03
1.341251081684111945e-01,1.003983924728427124e-02,3.320419943332918958e-03,1.280661695204733403e-03,5.609055029869991623e-04,-2.998274681696598314e-06,-4.851125232424911100e-04,-5.900618604799312463e-04,-1.247464700160601367e-03,-1.356345095664463667e-03,-4.218775887330437555e-03
1.354217645846979567e-01,1.024599595838071066e-02,3.809426778135013760e-03,1.414598351024813801e-03,4.233884974020750056e-04,1.037988928994754519e-04,-3.523395327428573316e-04,-5.348215699070626170e-04,-1.680735087759542513e-03,-1.845676725730918590e-03,-3.965080618930469543e-03
1.362264267497548809e-01,9.670665228601559721e-03,4.101204663605129835e-03,1.865544864822576846e-03,5.177080242674672378e-04,1.023089340329821131e-04,-3.066688507786656287e-04,-4.800304405532631376e-04,-1.901280072011062028e-03,-2.639004276591843962e-03,-3.837739678303870271e-03
1.350153433796414115e-01,9.138378876805563003e-03,4.220736696062089149e-03,2.141119346229900574e-03,7.999504330386101886e-04,-1.210317360310951220e-04,-2.341164274610786655e-04,-5.297415726415347992e-04,-1.927142561654028368e-03,-2.929946842808827182e-03,-3.039538082031911694e-03
1.339185204993453560e-01,9.790970292345589979e-03,3.994304469219423469e-03,2.434526830241763584e-03,8.914299364239932581e-04,-2.703216700863151462e-05,-4.460483844455220706e-04,-6.260267745906776364e-04,-1.888641144835138388e-03,-2.760335881944530473e-03,-2.667149247034640309e-03
1.379421901867944888e-01,1.028600331695943108e-02,3.850023269781747449e-03,2.466764902208662576e-03,1.032703516163739404e-03,1.630821768849384404e-04,-6.420855932532031031e-04,-8.578334867709644764e-04,-1.806902677160282479e-03,-2.512202232166252640e-03,-1.842647961229706933e-03
1.417451116552784773e-01,9.960633413651977242e-03,4.242987985089673175e-03,2.220879964789635591e-03,1.181144937644447619e-03,2.672498263257425881e-04,-7.139638377295875983e-04,-1.059764928195032485e-03,-1.750034109268829149e-03,-2.117232787237422094e-03,-2.007396188496188109e-03
1.419385358561023325e-01,9.595251445952451136e-03,4.196334477974171875e-03,2.473590691214672208e-03,1.176095678515141907e-03,3.078355028141724695e-04,-7.287880648486581977e-04,-1.162416258518165959e-03,-1.865895759882081747e-03,-1.494318583072882199e-03,-1.887841948417105179e-03
1.390272251968021622e-01,9.744258665641212722e-03,4.336262370218486525e-03,2.587632490678646886e-03,1.297622147648315027e-03,2.015396593279722469e-04,-7.628304740394938966e-04,-1.340304002697491163e-03,-1.690211716378014909e-03,-1.420578606839266803e-03,-3.170069879916945265e-04
1.380134496438858993e-01,9.613766603809754951e-03,3.964503825430241817e-03,2.778244665061603905e-03,1.192981933715058255e-03,5.721116892457434581e-05,-7.781631528215045930e-04,-1.252043139192025520e-03,-1.484296514219634721e-03,-1.267637371532937506e-03,9.510774296381371753e-04
1.373722352072173081e-01,1.023057994726731673e-02,3.870954110294239688e-03,2.494958598304851654e-03,8.436008886777842612e-04,3.001874434407289584e-05,-6.585539324118374997e-04,-1.218356900936962270e-03,-1.379307177857699027e-03,-1.067144024894445785e-03,1.741332217336500742e-03
1.369282311834467136e-01,1.044829741611360240e-02,3.929120463859838049e-03,1.939966232859533304e-03,6.225754751524549199e-04,-4.568972408427721983e-05,-5.719226741561116763e-04,-1.061683619266600787e-03,-1.288098025133327818e-03,-7.408167964325770502e-04,1.794432869257434364e-03
1.393467129588310816e-01,1.033122948506331844e-02,3.546286898114351608e-03,1.691713685320006327e-03,4.744148600870703460e-04,-2.185919062066591593e-04,-5.053933614258620350e-04,-9.120488960874414920e-04,-9.940298436480312153e-04,-5.064361019589665256e-04,2.309958451746552902e-03
1.407011608543938808e-01,9.609636612793605315e-03,3.424782063975804168e-03,1.365765689898558758e-03,2.883751140582036399e-04,-2.890272619099904091e-04,-5.436414349886746185e-04,-6.103022869615595076e-04,-8.574006802292276786e-04,-5.206431906765643771e-04,2.059659090624431279e-03
1.421142058504604733e-01,9.099637667700782515e-03,3.133276854892957583e-03,1.039312344905938580e-03,2.145560789947041668e-04,-4.481743357399705697e-04,-5.303333852334674329e-04,-2.875764488490182820e-04,-6.983375099590617870e-04,-8.649969649628922895e-04,1.933711977141284186e-03
1.429271924822723971e-01,9.086962943202613746e-03,2.956448952101062462e-03,1.184701951384898623e-03,-9.229911383794225173e-05,-4.460532694678097940e-04,-4.581063641460157037e-04,-3.335787055118236144e-04,-3.638963441718246665e-04,-9.763447555482113183e-04,1.308110007730211568e-03
1.405878621069744649e-01,8.386317625313300175e-03,2.609816123999587120e-03,1.029012181056080440e-03,-1.590393882833213276e-04,-5.135406827071127859e-04,-2.835849991063030349e-04,-4.374603477687775640e-04,-2.147569333647846056e-04,-5.543523513976809534e-04,1.022284460842497016e-03
1.367917615422937772e-01,8.331287969789999762e-03,2.357060358687423744e-03,8.026620409675250473e-04,-1.326370322839704569e-04,-5.771915968955844021e-04,-3.749021885112485317e-04,-3.424293607255878523e-04,-7.137626205656053598e-05,-9.121203406362685833e-05,1.348026180516588872e-03
1.346752541354411525e-01,8.049423185237498946e-03,2.064949187153428557e-03,5.281993665564675006e-04,-1.750494044279827927e-06,-5.703983431624309354e-04,-4.937574781434816724e-04,-2.123833818545671070e-04,-1.142507494782464040e-04,2.446007204463370105e-04,2.030159478573118331e-03
1.360479021471278915e-01,7.296966791421171002e-03,2.089216569667018061e-03,4.126498651755152272e-04,1.244436558013638405e-05,-5.449856853274012746e-04,-5.157432221885411509e-04,-1.423990566600359057e-04,-2.088091361106427890e-04,6.063667945968078407e-04,1.004103576306759373e-03
1.319875747436542457e-01,7.493522761089659902e-03,1.807009083864072200e-03,5.413073836928446268e-04,-1.586173881033795690e-04,-4.195850139438595645e-04,-5.668744025678790774e-04,-9.916061114749475920e-05,-3.131130765148589651e-04,1.037674072765818693e-03,1.107938542296707475e-03
1.326718079195299549e-01,7.703259913990106317e-03,1.841573780267935544e-03,4.464571644607469260e-04,-1.779446836209886773e-04,-4.782740404287557701e-04,-4.305213747447498868e-04,-1.619861600460595255e-04,-2.497042570383575647e-04,8.791610895660107979e-04,1.909107061586005774e-03
1.384851468323246848e-01,7.834002585537446287e-03,2.043368816049119172e-03,3.157247425176708581e-04,-1.207908123792224731e-04,-4.838649958693990718e-04,-4.229794056256495276e-04,-2.715989182220858878e-04,-1.519626475140332022e-04,7.749385444371164559e-04,8.741448065275788651e-04
1.418735926593297225e-01,7.748505173185337748e-03,2.182704745514776369e-03,2.924075652255850939e-04,-1.536949278478273609e-04,-3.641634911132661870e-04,-4.278706891809122711e-04,-3.502341297901227085e-04,-2.664530158260729740e-04,7.574668149964128468e-04,1.909485571868188699e-03
1.369331126128249254e-01,8.158834912065843215e-03,2.178477978501868351e-03,4.931415956097810055e-04,-2.200435790954677936e-04,-3.231743339775870879e-04,-4.058496933976596128e-04,-3.558810621594110852e-04,-3.906915995963878706e-04,6.889112254196555485e-04,3.258130689021896970e-03
1.348616617946053753e-01,8.329008008496670973e-03,2.196768647245982056e-03,7.454775639977585756e-04,-6.441887169028731315e-05,-3.372486193482322672e-04,-3.211146766416918437e-04,-4.019107784170871962e-04,-5.067094966795196052e-04,4.645864822812413781e-04,1.752596692455357088e-03
1.373971212915363060e-01,8.754244500469439763e-03,2.353064413903745676e-03,8.817868991560478664e-04,1.991504637942644301e-04,-4.257273421002340306e-04,-2.937380033281679673e-04,-5.646712635518286779e-04,-4.069877515198532230e-04,1.291940000281099573e-04,6.315273193875403949e-04
1.359375525530359674e-01,8.927538019707173880e-03,2.668061311003803223e-03,9.494517217893661508e-04,2.467390755508888926e-04,-2.837418620542787699e-04,-3.522449004465696130e-04,-5.984062795739166461e-04,-5.020615995165559091e-04,-1.558120329987398541e-04,-1.530692835148452511e-03
1.365196249199955858e-01,9.234744712166028865e-03,2.482597159510491636e-03,1.103802939804513156e-03,2.179289274724688797e-04,-1.585501999455170708e-04,-3.122567220492793757e-04,-6.669566312489057019e-04,-6.848527071308004293e-04,-7.145738598780579484e-05,-2.265193696138797196e-03
1.371035625074026876e-01,9.551391592509977935e-03,2.232728724872133901e-03,1.214313768992799194e-03,3.854890316583029137e-04,-1.303107188854083051e-04,-3.159711509817700694e-04,-6.287295665937732729e-04,-7.703361905387173369e-04,-5.798241298299595513e-04,-1.832884778568910633e-03
1.415664198858273826e-01,9.705072804461790936e-03,2.236269052389503690e-03,1.374726155694472448e-03,5.701528918160259606e-04,2.972756903273950560e-06,-2.911464615012829293e-04,-6.716118129917536886e-04,-1.118988162744120494e-03,-1.256724190300614321e-03,-1.724605416611913952e-03
1.417914215081781948e-01,9.918108283265957698e-03,2.363856903673136872e-03,1.533246399167948523e-03,5.702555940473232488e-04,1.132837659152383157e-04,-2.258214367513935604e-04,-6.978584629372367072e-04,-1.352708260079360167e-03,-1.408347247442436881e-03,-2.819942235821826237e-03
1.417704823654515889e-01,9.161568102171968944e-03,2.647985111186872912e-03,1.228912976969875415e-03,6.649137706174523864e-04,2.333847505120669092e-04,-2.652487540846498043e-04,-6.734574869815060372e-04,-1.468368844331393273e-03,-1.274794848664317741e-03,-3.686369018649281008e-03
1.391087209240099432e-01,8.512033604832826630e-03,3.012677143120378893e-03,1.031553332977878717e-03,9.088114283543385821e-04,3.246417886720902248e-04,-3.539330322803819410e-04,-8.141053707920157699e-04,-1.298409366865662783e-03,-1.687170708471257561e-03,-3.862650559713316518e-03
1.379143988028305179e-01,8.657270112582609797e-03,3.020659264859444897e-03,1.176985579457152801e-03,1.179356419727524549e-03,3.507267735336335661e-04,-3.753274834013721603e-04,-8.967362175844247356e-04,-1.493266575742160365e-03,-1.785282505616473834e-03,-3.762303349337403884e-03
1.373639991644049207e-01,9.415887289747675026e-03,2.687464520438989299e-03,1.832727841033023747e-03,1.012640522382201062e-03,3.940598121324213063e-04,-3.840063438752967773e-04,-9.552953090221117131e-04,-1.443084254183098041e-03,-1.805362700279218970e-03,-4.543338490106627221e-03
1.387213784562665031e-01,9.093444010662289634e-03,2.984052923484628236e-03,1.925462266702150779e-03,8.427540129559363746e-04,5.575824910476709926e-04,-4.769935164081398203e-04,-8.876947406038488255e-04,-1.527769329332120821e-03,-1.844801481565748512e-03,-4.170407396444816318e-03
1.357928446247609056e-01,9.199729120991283204e-03,3.586507217147551305e-03,1.248735154747301511e-03,9.737844889593060948e-04,5.411883775589677696e-04,-5.367625327072936227e-04,-7.104909882928395291e-04,-1.660248040241865414e-03,-1.787065292630236240e-03,-3.006171840630368890e-03
1.356668397039624829e-01,9.628451043636481257e-03,3.667491253334738324e-03,1.310713959133816015e-03,9.851320512615151063e-04,4.223087410097903487e-04,-3.767725158298664955e-04,-9.369381620696198842e-04,-1.603730115092598255e-03,-1.942354729190051308e-03,-1.796117070457731299e-03
1.377497220001993594e-01,1.041322691602072220e-02,3.609949771944369421e-03,1.455572201167695161e-03,8.900534974690153334e-04,3.018256525699699894e-04,-2.104512833919971061e-04,-1.043837722527675860e-03,-1.625824299840977023e-03,-1.888414913687069732e-03,-3.196389790862844398e-03
1.414415757619152669e-01,1.074556792742745182e-02,4.245247911666821632e-03,1.805258206790088214e-03,9.240268025322004091e-04,2.020784275321109360e-04,-3.069634240645388503e-04,-1.041174472276722683e-03,-1.832209511640865100e-03,-1.592528317305852556e-03,-5.083610843699700940e-03
1.446286466117461533e-01,1.118367824118118858e-02,4.470123093023477268e-03,1.806514915210277739e-03,7.632595169015563528e-04,6.421908373393028779e-05,-3.957711092054101796e-04,-9.606170932478831376e-04,-1.584440080285496460e-03,-1.418910491821526220e-03,-5.324890195599541430e-03
1.464030849518908051e-01,1.147590530201259354e-02,4.563481157729043676e-03,1.810471845900200492e-03,7.013029441681817907e-04,3.050573001384263973e-05,-4.203059727146561046e-04,-1.096592053727822721e-03,-1.154080906589580353e-03,-1.541079520669471617e-03,-4.008698226186152049e-03
1.454111681223741459e-01,1.189176263155116570e-02,4.526046427833683126e-03,1.762567337329250727e-03,6.438078532890779970e-04,1.684780672048018723e-04,-4.393601102911002219e-04,-1.256261579733229140e-03,-9.998951951159320856e-04,-1.448140223296716074e-03,-1.943724946713373683e-03
1.453806100145753621e-01,1.161718342921589688e-02,4.404045557653751830e-03,1.768465272522747739e-03,7.917030770254559384e-04,3.043861825780519296e-04,-6.192724719164130953e-04,-1.226537948540776289e-03,-1.113556486042716846e-03,-1.157144846412461311e-03,-9.520603033073275117e-04
1.469359104836421848e-01,1.131976332036243454e-02,4.238026206508478493e-03,1.927352220922400831e-03,1.035620131916946450e-03,3.024449329039758782e-04,-6.946647815273636600e-04,-1.183600089076083028e-03,-1.309404911411469205e-03,-8.955069662952363325e-04,-2.285171161300188821e-03
1.464006057954986284e-01,1.073171173312876744e-02,4.173761373581254264e-03,2.117413185997922640e-03,1.216795483925706481e-03,1.736442723368580138e-04,-6.362085481156371652e-04,-1.226848331517665751e-03,-1.224164748802058144e-03,-1.108093722396468698e-03,-2.064392967841371680e-03
1.435203212116291926e-01,1.074889990143119804e-02,3.945730683206602127e-03,2.278593943088339391e-03,1.228258117820345144e-03,1.891122912289135854e-04,-5.977315948800965718e-04,-1.230791737269412364e-03,-1.125111727219302825e-03,-1.667896094286901295e-03,-2.212661450383877643e-03
1.415685854046164760e-01,1.096074246146246621e-02,3.994547163330587972e-03,2.356429106689157671e-03,1.245573477501094473e-03,2.725100425265496152e-04,-5.720805362614335724e-04,-1.287523390707152231e-03,-1.498005131171796685e-03,-1.725564919631376870e-03,-1.985082946388935093e-03
1.418270536925071712e-01,1.095401030028122363e-02,4.488269936080663096e-03,2.441268339559880991e-03,1.180319928500938665e-03,3.562628892370970279e-04,-7.284233158488121265e-04,-1.200855307263317892e-03,-1.928633717127188705e-03,-1.367845664073145994e-03,-1.740489087134979365e-03
1.414086472872810585e-01,1.111799159755356287e-02,4.674321022169686604e-03,2.328039538726141017e-03,1.289424241924249249e-03,3.058343163020226050e-04,-5.752214501284091562e-04,-1.262401008916546339e-03,-2.158275640898513811e-03,-1.763670166470192183e-03,-1.352363725139035496e-03
1.440957859767076632e-01,1.120903950619844824e-02,4.615007129948990768e-03,2.479743799413277293e-03,1.314754260931897409e-03,2.578169807921741065e-04,-4.415824019938366439e-04,-1.337400532962702273e-03,-2.201955184820796919e-03,-2.071526071395799612e-03,-1.949924527681484460e-03
1.418167604811510774e-01,1.139102339313259778e-02,4.871923314732386212e-03,2.519119202575057209e-03,1.334292421662810080e-03,1.397926837991755595e-04,-5.297873517324665996e-04,-1.213537694327434082e-03,-1.974067206616136883e-03,-2.345926627534202034e-03,-1.723721209301394249e-03
1.408469191360986472e-01,1.178737662959662875e-02,5.094111052115898527e-03,2.461845333749790657e-03,1.164776990978365302e-03,1.352628368821820774e-04,-6.173940085825932456e-04,-1.160214879640948963e-03,-1.743061954716305104e-03,-2.147879197054109682e-03,-1.731035749958288305e-03
1.430269578102166816e-01,1.149682334311331357e-02,5.206201570128503146e-03,2.444679996760675683e-03,1.022782518955431437e-03,2.113728189221927888e-04,-6.510268949342438690e-04,-1.229142274917611154e-03,-1.707940464020386590e-03,-2.087603006634242142e-03,-2.222261629776934710e-03
1.432238374729499220e-01,1.145828768422731472e-02,5.156476944396791787e-03,2.307680488647605773e-03,9.495080874426773971e-04,3.136795456706087176e-04,-6.253450882459048567e-04,-1.325842043540450361e-03,-1.788018199650511777e-03,-1.737661718449115024e-03,-1.847062959683655253e-03
1.431432264498000706e-01,1.125149838957034167e-02,4.652323315540322045e-03,2.042802756296210366e-03,1.259169125785771642e-03,2.213852560742805365e-04,-6.842094883493908411e-04,-1.314205868133060595e-03,-1.650700362327534683e-03,-1.903143170787445970e-03,-5.018674721603419908e-04
1.431527383609867698e-01,1.063619888951092968e-02,3.913097931689245648e-03,2.293315911214042352e-03,1.281130150680711731e-03,3.046694207751939098e-04,-6.715991171150213941e-04,-1.402342527829254911e-03,-1.696887491315362097e-03,-1.777093836849000675e-03,1.280919581391134609e-03
1.445665405185015684e-01,1.011291635912921726e-02,3.581738210403423092e-03,2.269582960431262755e-03,1.087034170787662618e-03,5.762931560524336364e-04,-7.589485830079613100e-04,-1.421002086695197664e-03,-1.680713140370530432e-03,-1.642077728965053067e-03,1.559486522465688019e-03
1.447925371734360978e-01,9.703267709381215023e-03,3.376410937402531294e-03,1.925622953883404870e-03,1.180922462003862082e-03,7.042748022863576417e-04,-7.975323171005374448e-04,-1.366972849238136997e-03,-1.608301379138735729e-03,-1.764192298793163319e-03,3.172548771129176650e-04
1.431594292896553045e-01,9.910771862582127764e-03,3.193513785041209811e-03,1.559956044633127852e-03,1.070839465588646492e-03,8.236968829764057054e-04,-8.357853903276007751e-04,-1.197918284657634560e-03,-1.658232095735869254e-03,-1.789208644370677290e-03,-7.826915284854153330e-04
1.392094536272549810e-01,9.901493696124766264e-03,3.133627061426345721e-03,1.252187910746557472e-03,1.129374455541100764e-03,6.076421963668632341e-04,-6.444671110755569770e-04,-1.085610384966404114e-03,-1.485495033912664648e-03,-2.291854996538944967e-03,-1.001569238465807110e-03
1.367354957894652556e-01,9.867591830407708084e-03,2.951620181786782527e-03,1.146266160529632941e-03,9.462583464954969596e-04,4.831761480091463718e-04,-5.041969389636299882e-04,-9.555869841045432122e-04,-1.381943795116539510e-03,-2.400567087778622197e-03,-6.023993123746850279e-04
1.396740125898455476e-01,8.980570697277874548e-03,2.886265328246612454e-03,1.579812814078736596e-03,6.183888457793234109e-04,4.944362733076756522e-04,-4.972633784613625764e-04,-7.442723832148887822e-04,-1.458463202745192066e-03,-2.649875372149089643e-03,-6.357277775865746586e-04
1.420542683297375541e-01,8.435338572872741122e-03,3.168524701883157317e-03,1.788115170497090898e-03,5.758782872476782711e-04,3.250042782264501735e-04,-4.523283117054253022e-04,-7.192247792696656932e-04,-1.423852183306228460e-03,-2.467333475997039467e-03,-2.410421814888069614e-03
1.384751462152116197e-01,8.239275444225917233e-03,3.446073079013551362e-03,1.841718312406052200e-03,6.980363391776842801e-04,1.578783523073765994e-04,-3.607540551781826294e-04,-8.226248298534724959e-04,-1.284211035938058031e-03,-2.261924503877409641e-03,-2.776827202415267214e-03
1.387065899596192364e-01,8.286385154024437580e-03,3.619198725203123367e-03,1.767549982240631916e-03,6.192751830163805565e-04,1.008043112647125648e-04,-3.537151650149791631e-04,-7.705582671175111248e-04,-1.093966831839883686e-03,-2.043585671988702203e-03,-2.852210634606394766e-03
1.387907205250301923e-01,9.034608630222694739e-03,3.552205479706899757e-03,1.836041432137121071e-03,5.927864259377308180e-04,4.358567906476282558e-05,-4.134759935137697425e-04,-7.710498655410224231e-04,-1.114678380280926346e-03,-1.749704910306221391e-03,-3.063219640077715494e-03
1.358991673279529300e-01,8.914252301325432601e-03,3.988595117846429824e-03,1.749038313523419100e-03,7.229318436752598699e-04,1.349617404106990442e-04,-4.327939531147756902e-04,-9.252024593231458933e-04,-1.268330297330998819e-03,-1.584000844933034901e-03,-2.581649544844116968e-03
1.355300555904607740e-01,7.673261570687769408e-03,3.877884678153877083e-03,2.179765273333498805e-03,6.930951214031332236e-04,2.296346427575957820e-04,-5.630704370272509099e-04,-9.983361314876563249e-04,-1.257835655450330629e-03,-1.320261576850595810e-03,-2.215809687152845483e-03
1.326624951383959805e-01,7.094221713041100504e-03,3.745798958655223183e-03,2.100385356076633209e-03,7.951365250371248859e-04,3.081187540233293635e-04,-5.742366657177321292e-04,-1.045332773376934921e-03,-1.245231914139483800e-03,-1.015790701821771193e-03,-1.406367667955567974e-03
1.345296644487481708e-01,7.340983730187760660e-03,3.424377126359805148e-03,1.757274066256383268e-03,9.431865423609800663e-04,2.643975046059000703e-04,-5.845860937671903046e-04,-8.519599633174804783e-04,-1.170740218401714657e-03,-1.021028202797669062e-03,3.233472529366506615e-04
1.365225990835320369e-01,7.649312243972246177e-03,3.189317607289739870e-03,1.220220773093761042e-03,9.587455915935059504e-04,1.360119549065417880e-04,-4.962697844259638833e-04,-7.945199282321908051e-04,-1.090119729535656782e-03,-7.198124203642556783e-04,1.215163040043717698e-03
1.323426520997289524e-01,8.904818086200640484e-03,2.854820007675320116e-03,1.408695469227095503e-03,6.455276870210156131e-04,1.221402475467171669e-04,-6.258938714304723575e-04,-7.681977953460330426e-04,-9.297292825790140231e-04,-5.236778864079671622e-04,2.112488731305883945e-03
1.348052087242669062e-01,8.716100176404589783e-03,3.306667795968098837e-03,1.221652523449174351e-03,4.664493829512868033e-04,3.600352413287040003e-05,-6.460346222881060019e-04,-7.033078914367136376e-04,-8.053975146989324685e-04,-4.276857440516495796e-04,3.077654762089462263e-03
1.369508590015803273e-01,8.833245435797646219e-03,3.238274328080313538e-03,1.418594403457174155e-03,4.311739433016305734e-04,-1.282536560860284079e-04,-6.739800780770796541e-04,-6.613137883315899643e-04,-8.210922289981839595e-04,-3.640183312820074926e-04,3.527069412221930933e-03
1.393618449713837915e-01,8.277559749261219346e-03,3.061786830547235522e-03,1.654722609494313273e-03,4.655092374656911720e-04,-2.675157374182708311e-04,-7.067455739514222476e-04,-6.046316121374157400e-04,-6.530400767634322217e-04,-9.896686502637283870e-05,2.837558787731034923e-03
1.402739938881764348e-01,8.233858730642603860e-03,2.600115231323087486e-03,1.761921471244098057e-03,4.808090681514611020e-04,-1.512940835751343672e-04,-7.560157645029231708e-04,-5.765293537466385310e-04,-7.901775159535057028e-04,-3.643941997118016831e-05,1.070507461218816450e-03
1.379632462819598004e-01,8.686888395943915056e-03,2.470165135268553597e-03,1.587046480874837505e-03,5.498602596743513548e-04,1.005355320364380165e-04,-7.398844800259953046e-04,-6.856285518484100429e-04,-1.124455511470861006e-03,-1.972369911327266113e-04,1.776472948983866392e-03
1.395497762324366675e-01,9.104513047271904982e-03,2.502962728599056590e-03,1.424343442833840350e-03,4.848750685588243707e-04,3.252351819062023397e-04,-5.634971623292045918e-04,-8.683064296631906641e-04,-1.292672825564025480e-03,-7.422966322566803155e-04,1.985547891315817427e-03
1.412664075545896902e-01,9.681460526356737081e-03,2.516269040963664983e-03,9.808969178145470012e-04,3.206929517199025108e-04,6.121442260690058675e-04,-4.776186749556956298e-04,-8.964458387387020267e-04,-1.541532304189919753e-03,-7.951340607629341474e-04,1.371755453048090906e-03
1.413455419588328099e-01,9.870242397563826903e-03,2.433276159794093597e-03,9.798849235368447489e-04,1.912337178228980358e-04,7.417716551006548311e-04,-3.661037480887258415e-04,-8.019120095391314229e-04,-1.810058431753225859e-03,-8.201513515340421931e-04,-8.333635191112382041e-04
1.423920823297913363e-01,9.600228622775265966e-03,2.699795657579434106e-03,7.918703931351370401e-04,4.467914182940841967e-04,6.153346645109994363e-04,-1.562688281188101948e-04,-8.129843678196545026e-04,-1.857512119177097626e-03,-1.572986844453416874e-03,-1.013580362825060614e-03
1.417046124987914046e-01,9.377031376561257084e-03,2.814919931325921693e-03,9.281812266671860337e-04,5.163872464127855630e-04,6.177992898412981368e-04,-4.156633986111679663e-05,-9.436634964690968118e-04,-1.741225210023595845e-03,-2.131806281306535770e-03,-9.606491892770079640e-04
1.411365065763089399e-01,8.816601184121732049e-03,2.885148464669235521e-03,1.502754523594594140e-03,5.069979158196318524e-04,5.945545322614093856e-04,-4.898102297484705208e-05,-9.382566662521488795e-04,-1.865821795235407185e-03,-2.162069720486568380e-03,-2.183504046448821092e-03
1.407977860120889768e-01,8.002937412227691116e-03,2.711668184895792665e-03,1.971931326841393044e-03,4.298021401965523001e-04,4.514496199184935801e-04,-1.084444398087752352e-04,-7.898468500757651776e-04,-1.880578547995359964e-03,-1.759141767249651272e-03,-3.502114718345186901e-03
1.388315127813236904e-01,8.121422112866139714e-03,2.669289551340407827e-03,1.901250443049761971e-03,6.073254207395487004e-04,3.504740212590757502e-04,-4.290386843268481257e-05,-8.561688265512222475e-04,-1.803923142227266234e-03,-2.053070401021743312e-03,-2.695564617629238238e-03
1.380360717813102489e-01,8.884671479422106416e-03,2.932565249292364788e-03,1.709476739855475200e-03,7.758911670798198301e-04,3.178628324145940957e-04,-1.811875835941771868e-04,-8.534166804045429993e-04,-1.667093696248074085e-03,-1.980457315928696536e-03,-2.763907453027466578e-03
1.379698033952797553e-01,9.712428083082697353e-03,3.347154838140158160e-03,1.707919067822095179e-03,7.711344669136021082e-04,3.380240514848451157e-04,-3.293703155197034624e-04,-1.004249052762078587e-03,-1.364412506828188319e-03,-1.892525933024323970e-03,-3.768815947260441106e-03
1.369290912278891548e-01,1.042793330586592668e-02,3.463104280283089541e-03,1.688860298432499343e-03,7.366934306817775292e-04,2.720731170154346771e-04,-4.262958710826554262e-04,-9.403383456646803454e-04,-1.374238371818650804e-03,-1.744315854375603223e-03,-2.567775408648249793e-03
1.401781222757274292e-01,1.088175144375800804e-02,3.444565977899512361e-03,1.941591027253461530e-03,5.863239563133460343e-04,2.976656727131937611e-04,-4.700593387514894719e-04,-9.096303762561467124e-04,-1.653359619557963822e-03,-1.460235881563138726e-03,-3.315687619539571009e-03
1.412610231786541881e-01,1.029986728045165917e-02,3.610544452654605024e-03,2.074093076539282234e-03,7.100144616680790057e-04,1.919693818068155791e-04,-4.854066010506730123e-04,-8.834167142125210880e-04,-1.630183136188656165e-03,-1.783339396122281999e-03,-2.266000862496079116e-03
1.417970135382168873e-01,1.000339647708761541e-02,3.964014534702933051e-03,2.010464429904778444e-03,7.292901152244298836e-04,1.157854959250190853e-04,-4.737799697101980636e-04,-9.254823682413556348e-04,-1.453875311567042654e-03,-2.212518548990832085e-03,-1.721714356406755077e-03
1.461428416297787525e-01,1.000674590215715198e-02,3.820736243575614029e-03,2.289290510246692369e-03,6.728807436476049158e-04,8.263519177293048663e-05,-6.044114910730910561e-04,-6.304789513089390299e-04,-1.649895590714940685e-03,-2.323440552354722691e-03,-2.050847998077128063e-03
1.439927414906929937e-01,1.069456249353175313e-02,3.456447021286211587e-03,1.973950195698311646e-03,8.796397246520729248e-04,7.555518962531167461e-06,-7.045016820811702543e-04,-5.502420665772989527e-04,-1.353277193026594227e-03,-2.545911693682818746e-03,-2.167780611848196034e-03
1.399131444352915976e-01,1.065115730558034886e-02,3.480015273334080995e-03,1.571471376343653789e-03,9.060176235128513311e-04,6.891673313985294648e-06,-7.713822542038974422e-04,-5.470557109486480019e-04,-8.835618708905399604e-04,-2.420633344379653860e-03,-2.194892730381699068e-03
1.444437481839596915e-01,9.879885553735610892e-03,3.664816696079661353e-03,1.629507985504208929e-03,8.267528930822638919e-04,-5.335222933831321250e-05,-8.103185526161305659e-04,-4.739808152087581763e-04,-8.401991875471382168e-04,-2.118753741174860331e-03,-3.884764669326000626e-03
1.438745575482661687e-01,9.919178751761374355e-03,3.521680081869753721e-03,1.564084690053446332e-03,5.610261100078064176e-04,-3.078439315164525967e-04,-6.527665675243744369e-04,-3.697008346113132078e-04,-6.116459545888350237e-04,-1.971086401977874963e-03,-3.208936328549703842e-03
1.448422773067391256e-01,8.904913684956069705e-03,3.357860723722178812e-03,1.395400861006363628e-03,3.950842694918995268e-04,-4.758826065269927555e-04,-4.788753678613373913e-04,-3.605587785489717373e-04,-3.321725275667023369e-04,-1.895827836455600199e-03,-3.149284720279870060e-03
1.410656837821031573e-01,8.236697486097229598e-03,3.336888776442403087e-03,1.044593455990848289e-03,1.917299197234346119e-04,-5.854395433276307062e-04,-4.431460163133410881e-04,-1.756742331059724170e-04,-2.040658916536792415e-04,-1.476006301850701528e-03,-3.135161831863924557e-03
1.368658471347410921e-01,7.830574919687702598e-03,3.125484650656833088e-03,9.489690496450960046e-04,1.382734128875780049e-04,-5.662516552125386677e-04,-5.554358933276294912e-04,-2.076306765342637395e-04,-4.774917845177425844e-05,-8.483401000864720411e-04,-2.378540712201584334e-03
1.354389460562623881e-01,7.591317292888010056e-03,2.979944520442889301e-03,8.898929241164284373e-04,1.781500276552168958e-04,-5.804115370141389642e-04,-5.911717680266796162e-04,-2.924129241850292101e-04,1.513675976220782208e-05,-4.390178989216862618e-04,-7.364247123007930645e-04
1.369967012565581899e-01,7.888332925084664757e-03,2.229091033952430596e-03,8.153703888302155783e-04,1.391133356250666192e-04,-5.790900151037282591e-04,-5.048365910124164588e-04,-3.604086732884237616e-04,-3.973878675814490467e-05,2.415077039822766515e-04,2.390160222330356063e-04
1.354379194431834799e-01,7.880394051953436979e-03,2.154843756058446354e-03,5.503736673341273538e-04,-1.061110432150367781e-05,-4.541399657744231043e-04,-5.119059511679939761e-04,-2.725647236675488873e-04,-1.747670412887597534e-04,3.688426800662384340e-04,1.695846215196408638e-03
1.337329881855768010e-01,8.369325529078984124e-03,2.588340863743902962e-03,6.624701958036419277e-04,-4.265875125905709280e-04,-3.505110779240802393e-04,-5.643955549610512679e-04,-2.676694039995423718e-04,-8.789441704983126994e-05,2.406383659122684441e-04,2.366054201637940967e-03
1.347927882094029917e-01,7.848923222181855217e-03,2.592672913697764009e-03,7.581479934537351060e-04,-2.649395155129354051e-04,-4.732961258622009272e-04,-5.029889712324483097e-04,-1.689944916839090569e-04,-2.018931845881884570e-04,-1.077439556665421734e-04,1.569047848828801365e-03
1.373977845769866202e-01,8.175185380840985228e-03,2.548014455333732012e-03,7.307848141809441828e-04,1.185781011320866075e-04,-6.499479926713912703e-04,-4.216037326103803419e-04,-3.215196032104478282e-04,-8.644232097035582706e-05,-2.857097793007545546e-04,1.171044553733789281e-03
1.360625103386711443e-01,8.832960280364598668e-03,2.571622367131970194e-03,8.692007379868789494e-04,4.627187672991175103e-04,-5.114489605237967440e-04,-5.375961219397951693e-04,-4.603716401057270503e-04,-2.589533309854050711e-04,-4.982663679888941610e-04,3.350972415467431856e-04
1.359219029688408242e-01,8.228982279185203738e-03,2.886549202321200998e-03,1.272423106331178194e-03,6.608523571203917110e-04,-4.299359843470643584e-04,-6.012891164946802987e-04,-5.100313579707907961e-04,-5.177384035450365886e-04,-7.820981120094041986e-04,-5.770879045967148354e-05
1.341818109694396799e-01,8.651962309188816064e-03,2.726757399717161072e-03,1.989411686021669984e-03,6.507904048126363691e-04,-3.718695729791414960e-04,-5.329043017308382913e-04,-5.369772020214832065e-04,-9.524406257582137278e-04,-8.757222118193799636e-04,-6.885836328332226638e-04
1.394724523558227014e-01,8.633915106467332165e-03,2.751390791220512978e-03,2.448861455576885338e-03,6.873330933804367793e-04,-2.941469636769072742e-04,-5.020487682083257840e-04,-6.758931673041809274e-04,-1.020446586510263907e-03,-1.394762057692540544e-03,-1.524217954463521910e-03
1.409201964126669537e-01,9.215687882115462456e-03,3.225003266779879595e-03,2.562207807890044733e-03,9.881608529536192731e-04,-2.498321716486779807e-04,-6.232184250269122471e-04,-8.277733724394347251e-04,-1.031427515300333561e-03,-2.130324377145057652e-03,-3.685366831834728301e-04
1.393276030370929619e-01,9.760549674643091700e-03,3.542922591877628070e-03,2.293617591778927475e-03,1.015678645144280773e-03,-1.270481787381569458e-04,-6.005923892821253595e-04,-8.728723662255476233e-04,-1.225569973439912582e-03,-2.123077071261431775e-03,-1.231648796269863911e-04
1.448777152096731857e-01,1.085763918615002648e-02,3.642295650842949234e-03,2.369362217046904612e-03,8.608107892928478161e-04,-1.438860793241238730e-04,-7.603427044147888746e-04,-7.463240217837212353e-04,-1.218935894441423038e-03,-1.907645762150799850e-03,-5.747072447458692265e-04
1.454889484613203221e-01,1.143088592420208813e-02,3.998264325520498215e-03,2.400090722237032889e-03,6.308354560277793953e-04,-1.123440769302676647e-04,-8.684212062573012491e-04,-6.667457754254849447e-04,-1.222868585414548870e-03,-1.541019113799778871e-03,-1.350058184016668340e-03
1.452963987741839325e-01,1.093120828553757230e-02,4.369114742627188373e-03,2.523723405956296642e-03,4.963911368498825525e-04,-1.601715571220950615e-04,-8.060774642069961802e-04,-7.745153388395765483e-04,-1.016537658113899397e-03,-1.637758256124159217e-03,-1.252603081059661995e-04
1.425112190971415671e-01,1.101621127192132024e-02,4.778575058844195325e-03,2.374850308974672634e-03,6.350540822425145785e-04,-1.680319575515822604e-04,-6.582321904790404410e-04,-9.190191250519928268e-04,-1.220025381380236869e-03,-1.141586639729704747e-03,-3.015777132246548757e-04
1.422858915070040198e-01,1.108461443890680458e-02,4.779191814098106977e-03,2.152553861067012155e-03,7.075330144866718348e-04,-2.373592775103921298e-05,-5.595833705696038642e-04,-1.042639401552836274e-03,-1.366000375630214026e-03,-1.309412330674198559e-03,-1.031683027709137754e-03
1.428567670143998936e-01,1.109155110141502205e-02,4.378313409951511970e-03,2.189884548994157007e-03,8.570560654436402276e-04,1.137998319005093753e-04,-5.893846483139205403e-04,-1.143349255916388443e-03,-1.485683834502628470e-03,-1.555264802284624147e-03,-5.668129015143489376e-04
1.418491570376087807e-01,1.112506747954251397e-02,3.868943955179862844e-03,2.221999361462664163e-03,1.134566856406278405e-03,1.575534246904359767e-04,-6.233169920253085316e-04,-1.131442980626947781e-03,-1.605042887103308230e-03,-1.900402868991204986e-03,-6.773369096609532878e-04
1.400689947249715295e-01,1.059580463757724307e-02,3.716835949786246544e-03,2.390877550024279180e-03,1.373653159095349595e-03,1.566290423475935384e-04,-6.261051006043857805e-04,-1.263144355743887805e-03,-1.524644059925361894e-03,-2.013573659027291345e-03,-1.841740721604238950e-03
1.390173639812436746e-01,9.151701434605457458e-03,4.123220872658558619e-03,2.459950759506666137e-03,1.639038894995737024e-03,2.203620809463266970e-04,-5.781760673150575149e-04,-1.486241289762344668e-03,-1.634714336858679191e-03,-1.862873779249656038e-03,-2.666745115627787606e-03
1.384828199441569263e-01,9.157624718828876256e-03,4.392392468991314705e-03,2.851175092093083657e-03,1.596264677574266893e-03,2.369100146886774459e-04,-6.098167888853261000e-04,-1.444514662992398652e-03,-1.748828836486479490e-03,-2.066196578440654928e-03,-2.117282078198804481e-03
1.363766394741671439e-01,1.027910778109990958e-02,4.510088797948663512e-03,3.200737840835531783e-03,1.505913056359080597e-03,2.495632165325837020e-04,-7.496526869015851567e-04,-1.305824686696548500e-03,-1.875336326741962279e-03,-2.234323242667759016e-03,-1.929913531217416741e-03
1.363500725052172180e-01,1.158531467461505239e-02,4.660247297394793861e-03,3.250659015450609469e-03,1.389330083506408204e-03,1.252878949033161594e-04,-7.414485787858512977e-04,-1.196985086158997491e-03,-1.702672088722061508e-03,-2.541906059446584400e-03,-3.276451194716440557e-03
1.407756424554905683e-01,1.157814859143333278e-02,4.929716303198583213e-03,3.043292818107797178e-03,1.316450047640307756e-03,-4.233216202837127072e-05,-6.862062938631053677e-04,-9.735371089745658213e-04,-1.604670482425645320e-03,-2.608670362666610718e-03,-3.406828024684219712e-03
1.405381948292987182e-01,1.132004832306969522e-02,5.338231540492802997e-03,2.914548123867275690e-03,1.136056484141738073e-03,-1.343197431533458674e-04,-7.029189819077160187e-04,-8.030084276169870876e-04,-1.389452379167363093e-03,-2.262645430016748532e-03,-3.460464334173463975e-03
1.402394426192526411e-01,1.092240918099084482e-02,5.317276614698409481e-03,2.726856365542335275e-03,1.098565321837252943e-03,-2.579883667688620368e-04,-6.939502274704880107e-04,-8.266119821697732366e-04,-1.028190227073952313e-03,-2.069226169240743346e-03,-3.183333132253332847e-03
1.369471570790351256e-01,1.086948762225822297e-02,4.835305916587219130e-03,2.509988177470045493e-03,1.039706672721291266e-03,-2.561870959755678306e-04,-8.005707830878084795e-04,-7.235001703934521369e-04,-8.661657582382113795e-04,-1.668257108151815007e-03,-3.111038493520329636e-03
1.357376624039378921e-01,1.034154828549311254e-02,4.083744334424468415e-03,2.415817058787181077e-03,1.039758734894396857e-03,-1.034502697707065947e-04,-9.320162940842805031e-04,-6.326021799413431967e-04,-9.954945436487301798e-04,-1.072750407990087813e-03,-2.784742183245359198e-03
1.404771369248902779e-01,9.663822952723182327e-03,3.711165124105866853e-03,2.274744142296824048e-03,7.646199776121479375e-04,-6.538714642798332081e-05,-8.457473667126556762e-04,-6.217894942257803969e-04,-6.838105750123148630e-04,-1.204496115990540519e-03,-1.472692170294271794e-03
1.429531306247696365e-01,8.803477759153540902e-03,3.457719123754984716e-03,1.991372350807131108e-03,6.385779362273688326e-04,-8.744339740458498451e-05,-7.381762134467567986e-04,-5.894344244508530539e-04,-6.526421649395281171e-04,-9.484595544722286770e-04,-1.087894736253149867e-03
1.414046707475413445e-01,8.923622572546800746e-03,2.858729121289838807e-03,1.590263995895465450e-03,7.231390207144595831e-04,-1.951506348782851979e-04,-6.571474703024488559e-04,-4.876430039725832824e-04,-7.291101680671894418e-04,-7.834091725411821815e-04,-1.557751274456208642e-03
1.383426861137808384e-01,9.079641183529066351e-03,2.431262069163034247e-03,1.429246400964676728e-03,5.279612491018671402e-04,-2.685434718478703396e-04,-4.942664981420779756e-04,-4.654821237733094454e-04,-6.576182009806193045e-04,-6.862212759387981663e-04,-2.419209123165841097e-03
1.373103893243662887e-01,8.647510550846847915e-03,2.463427017051965547e-03,1.195961356318579402e-03,3.706537474935861021e-04,-2.432084600337207998e-04,-5.248787963573599367e-04,-3.386525268272345024e-04,-3.403613652586923947e-04,-8.743950189222043316e-04,-1.608078970920963835e-03
1.384403277252984898e-01,9.012066414487915345e-03,2.219226436357487828e-03,9.828710309777715249e-04,2.914436592623307698e-04,-1.499430732806666207e-04,-5.518836322843953882e-04,-2.923673958614601766e-04,-1.196915175280576296e-04,-1.216950884737646489e-03,-1.370786559181589410e-03
1.405439968414785579e-01,9.594261909888178452e-03,1.913401242370221886e-03,1.007904826842329852e-03,2.692560013709319579e-04,-2.283563118871433973e-04,-4.119755606444539019e-04,-2.626864664601421444e-04,-1.910707544816259910e-04,-7.161978973697652072e-04,-2.122651986249856227e-03
1.428620840229017641e-01,9.808297335198249908e-03,1.958893965127981619e-03,1.230966836146073825e-03,3.203714957075399702e-04,-1.858334259504787402e-04,-3.721845056216788162e-04,-3.194680947911079580e-04,-5.498126534165806087e-04,-7.491876186673765599e-04,-6.298311572168717584e-04
1.411656136797646011e-01,9.581705618128062013e-03,2.785354856875673149e-03,1.444493121476224948e-03,3.810971167051011499e-04,-1.220097520518387220e-04,-2.479012110845639147e-04,-5.662649849276869601e-04,-7.835376211369036873e-04,-8.527959794942253620e-04,-2.940927951346403971e-04
1.389193767488343390e-01,9.298368292089870951e-03,3.455850926650214355e-03,1.515732846902374939e-03,3.887656051360861061e-04,5.711848362941017844e-05,-2.139084751389006488e-04,-8.292078202905468504e-04,-1.048412221887945603e-03,-8.572122501341149095e-04,-3.503856329462479722e-04
1.382470288985289675e-01,1.022968644584857506e-02,3.990596009070509868e-03,1.299987736427587375e-03,5.105265929711273569e-04,2.337251777335885372e-04,-4.626673781333578983e-04,-9.372501754231561850e-04,-1.003755781871179184e-03,-9.745761872873362486e-04,-1.064129497950454554e-03
1.390748969379740074e-01,1.141345354541080555e-02,4.117824959784014381e-03,1.480627144227300660e-03,8.997882074192613440e-04,1.451763649211241147e-04,-5.857026062822979226e-04,-1.007550895712278289e-03,-1.089319497905659028e-03,-1.201627889798365448e-03,-1.349615199372741162e-03
1.417064940749229174e-01,1.219979759590155040e-02,4.136216306398259046e-03,1.811497894901673185e-03,9.533396610358442144e-04,1.329935774567248447e-05,-6.842361597622330241e-04,-1.046877678793525172e-03,-9.365286905063293635e-04,-1.350686264849877520e-03,-8.658708035697343288e-04
1.469816159699798008e-01,1.177860861763015479e-02,4.339613041197122080e-03,2.153104866369398400e-03,9.885498611856319458e-04,5.468010231087443135e-05,-8.696188996000028424e-04,-9.144434657727597976e-04,-1.090749826788648845e-03,-1.382239542989129521e-03,-4.482288990782986324e-04
1.464214851796663552e-01,1.087685363526366342e-02,4.495461755924579084e-03,2.496113352388718357e-03,8.890329732803581037e-04,1.332587693793834218e-04,-9.205394134287928857e-04,-9.589775682552523868e-04,-1.165863543544936546e-03,-1.319366602088687919e-03,-1.236465756315616865e-03
1.435290923061540158e-01,1.057410422652367912e-02,4.291177319188944558e-03,2.376710930022172315e-03,1.006577704245471220e-03,8.797721373387764384e-05,-7.648745609774126571e-04,-9.774039222830335338e-04,-1.203863870014478758e-03,-1.838582950729784025e-03,-1.493451229361883893e-03
1.410829054976579788e-01,1.032914708255404379e-02,3.694639913937294764e-03,2.070957390833996249e-03,1.275466037703799124e-03,-9.781787591657209132e-05,-6.696682165666379945e-04,-9.870340631657151947e-04,-1.049515271035495259e-03,-1.682084589193680313e-03,-5.437220236248987591e-04
1.422664387940374697e-01,9.984321882837829745e-03,3.144647459911281348e-03,1.859949830228220221e-03,1.378121244134294108e-03,-1.107571415886863831e-04,-6.611339136952431098e-04,-9.263486467624195688e-04,-1.088590848182409030e-03,-1.838779975273117061e-03,3.876405243330159384e-04
1.437619965202310557e-01,9.347868511131186484e-03,2.666644022299417219e-03,1.781884791325858645e-03,1.479277552266945695e-03,-1.908640299443400924e-04,-5.186478724512839705e-04,-8.450134386958982205e-04,-1.256712500629412164e-03,-1.744420774032836305e-03,-1.013072595882242698e-03
1.432802025540843849e-01,9.395410192207475503e-03,2.321767763307944384e-03,1.617134052792926387e-03,1.060984505774015610e-03,-9.235524975473432879e-05,-4.452115272810433619e-04,-6.388815854735263198e-04,-1.435013987083212867e-03,-1.125410073159998107e-03,-1.060097962667915948e-03
1.394788691402721048e-01,9.611148285098146393e-03,2.320053851413873304e-03,1.658854974498869808e-03,6.351720476044184910e-04,9.436150651084303361e-05,-4.235610408741106070e-04,-5.699029950600519945e-04,-1.373143982718931034e-03,-1.273037875227033726e-03,-1.288427239171435453e-03
