5.966789937699713137e-02,-1.975532330918083846e-04,-3.498603504441698053e-05,1.816330320392296142e-04,9.177537079069245606e-05,-3.007941654157450531e-05,2.211929839892511291e-05,1.792183487962456068e-05,1.948056105965296391e-05,1.894078204837797380e-04,2.110947360314588124e-04
7.045002573754266528e-02,-2.077747563706087980e-05,-1.631931177019496485e-04,2.895639695530956379e-04,3.183351704238262766e-05,-1.772021376846522623e-05,-9.763544057169994085e-05,1.226627583478296336e-05,7.677624842857260629e-05,2.187442437914454915e-04,5.160003601932854284e-04
7.417522427141788610e-02,7.525847817869298333e-04,4.041114656928761418e-05,1.332403186813992135e-04,-6.261757617985094207e-05,-6.974501658964933763e-06,-8.494756723964530856e-05,-4.221386581400736650e-05,1.171840273508209301e-04,1.731843733236417763e-04,3.406475497339614433e-04
7.863366698207799321e-02,1.204812811213235892e-03,2.309660789223737199e-04,1.300371042476761707e-05,-1.013051130123584435e-04,-4.371806141354468413e-05,-6.715671225990072293e-05,-1.133530229110413473e-04,1.145590621131768239e-04,1.566218972442426794e-04,5.161698388727106187e-05
8.264677849196416792e-02,1.662934416751276311e-03,2.241363836925100797e-04,5.217395906846822106e-05,-4.617560499449556574e-05,-1.530240485928854974e-04,-9.265425205359900510e-05,-1.168427686151030049e-04,1.458682558098242036e-04,3.334954514499852553e-04,1.696986207309514490e-04
8.409878966812045498e-02,1.951029602678301103e-03,2.300980376889158563e-05,1.221869918073311269e-04,-7.761053299462163416e-06,-1.725144723502890318e-04,-1.226426570734121826e-04,-2.060961663665882709e-05,8.240463346441627673e-06,3.287374485724714381e-04,3.951903410648852804e-04
8.716006049410737755e-02,1.719676080311720442e-03,8.240050171081308257e-05,9.647029016454945478e-05,-6.052022982252870052e-05,-1.357894710250553147e-04,-7.529692086296192570e-05,-8.223294124614117660e-05,6.787139637878946579e-05,2.031548472196819831e-04,-1.768410987824356375e-04
8.712003891197653282e-02,1.562745148607113310e-03,3.247360856067757939e-04,-1.238243516925006688e-04,-6.066193887002295965e-05,-9.120833145274148570e-05,-6.370362344640433452e-05,-6.272763278067129699e-05,-1.735537505174314363e-05,-2.544746287308575551e-05,-5.816031678473426681e-04
8.728946983552977879e-02,1.838880880634486108e-03,3.002327026258588567e-04,-2.517001463944716039e-05,-2.383641533817317914e-04,-9.249149087090041091e-05,-6.018166123994914005e-05,9.937667150181088069e-05,-1.212528943130814456e-04,-3.249885015165704188e-04,-9.537226858925549385e-04
8.941887047420193912e-02,2.571384876218704273e-03,2.056227651963997373e-05,5.014580296783170639e-05,-2.957394418873086407e-04,-2.021226633982750077e-04,1.228441650531841209e-05,1.322052788802220420e-04,-4.999351346106630195e-05,-4.360718230946102167e-04,-1.711704025201661594e-03
9.305826010773900203e-02,3.015644103051455006e-03,-1.336904217513144573e-04,-2.423580565100299990e-04,-9.734774609306532820e-05,-2.361179196658075275e-04,-7.519899353212240490e-06,1.036791646880760371e-04,-1.472981074915130032e-05,-4.052976745131872671e-04,-1.082307889010886192e-03
8.929121596653678827e-02,3.300490791231689217e-03,-1.279486930899299296e-05,-4.746119377840099518e-04,-1.301524214057381008e-04,-5.354480125845396255e-05,-1.248932347584268891e-04,1.244723638777154857e-04,-4.856632605421694652e-05,-4.656080564064884802e-04,-1.986486682808888242e-04
8.816815887201824575e-02,2.592369164065880423e-03,1.386300373870086560e-04,-3.900821797787486743e-04,-1.641456401108619205e-04,2.935017387365081713e-05,-1.765061046387950995e-04,2.775211291232417904e-05,4.132227005918417105e-05,-2.959923180331777768e-04,-3.164708385286852462e-04
9.000074169280387892e-02,2.884722868960464936e-03,1.086345333030626169e-04,-1.683917158482383736e-04,-2.143254124337995068e-04,-4.757353944012618103e-05,-2.857976341396235277e-06,-9.923291669666612735e-05,-6.497090023293813129e-05,-6.822460197096739292e-05,-8.192309899365286937e-04
9.011316874892048856e-02,3.544661712927504524e-03,1.751382660626876720e-04,-8.030157316419903415e-05,-1.209921428132043196e-04,-1.275334177333476825e-04,2.847097772773095218e-06,-9.078409033055240848e-05,-1.796316694777829999e-04,1.090119319060184824e-05,-1.517351966649810877e-03
9.054927828571447679e-02,3.614940846157073742e-03,3.989421357365053721e-04,-2.846075065925462081e-06,-1.850924542426866804e-05,-2.023286953924690495e-04,-8.030339277940225793e-05,7.452891218552801177e-06,-1.808261986225539032e-04,-1.934416321374293497e-04,-1.060816592359377494e-03
8.878763460157144960e-02,4.053942700645363391e-03,6.177795774716727433e-04,1.735529472680346231e-04,-3.760549094165676335e-05,-1.535314799267389657e-04,-1.311960190700814605e-04,5.589724726234619468e-05,-1.358412823404898712e-04,-7.517673214268417135e-04,-6.651339250901450477e-04
9.161065426296834124e-02,4.089084456360820435e-03,7.377060434348624513e-04,2.999368435485414526e-04,-1.531941951994025646e-04,-1.677573938864323816e-04,-9.937830586645531505e-05,1.289147576150188087e-04,-1.854284936402192103e-04,-9.747641778080363409e-04,-8.147301151150132797e-04
9.395938583013213607e-02,4.374140426755496712e-03,7.059486121772702181e-04,3.365486967815982844e-04,-1.232664983939051615e-04,-2.522002874855903509e-04,1.108861711463587785e-05,2.364289893152423110e-05,-1.467247096167107021e-04,-7.795653334778768987e-04,-1.400333129348809574e-03
9.387017409479705976e-02,4.675184900416493733e-03,8.922991084643256722e-04,7.182322623283475928e-05,-7.121541482265036612e-05,-1.433656036198495594e-04,-7.054456786266357000e-05,-7.124907361717157134e-05,-1.391527813007340962e-04,-4.586566307664141379e-04,-5.503898370886445811e-04
9.303586364235320871e-02,5.063068929821925614e-03,1.014657757658113954e-03,6.980776344713576862e-05,-7.758106004047693189e-05,-1.663081130568620162e-05,-1.873007950278183446e-04,-1.853226007427349344e-04,-1.093020695724139019e-04,-2.230961173840944353e-04,6.234002027084364905e-04
9.420045375753845207e-02,5.220997276561002189e-03,1.221076619868200364e-03,3.277703944202960801e-04,3.827941901247925859e-05,-1.098915886770271232e-04,-2.395535762644991607e-04,-3.011168912126354095e-04,-6.885781703759320240e-05,-2.919361183037172641e-04,1.371462918311895651e-03
9.366888023221577042e-02,4.892407402565577754e-03,1.388539395394014671e-03,4.251141585412871230e-04,5.309993303555863274e-05,-1.425776123406580925e-04,-3.466063410358040430e-04,-1.408986880355945408e-04,-2.271976622213886196e-04,-4.913741081540232689e-05,1.449545952008037724e-03
9.215616215394713262e-02,4.738108382378858167e-03,1.554454961662911231e-03,6.539004867189575744e-04,-1.488335402794833796e-06,-1.570658415510678603e-04,-3.414737314724301679e-04,-1.774739794437861257e-04,-3.339867492822537931e-04,2.529820082796545343e-04,8.646935202511404905e-04
9.155112048517122236e-02,4.289876537837832189e-03,1.348023742051742595e-03,6.017362802458523082e-04,4.190616077975624338e-05,-1.096190953744350023e-04,-3.544411856685873198e-04,-2.122027245211743776e-04,-2.190261451817822455e-04,1.284417008650148948e-04,7.536643736192347523e-04
9.212848195195043333e-02,4.140854520971071207e-03,1.468521959421006809e-03,6.353587741217100234e-04,-1.837638836827811065e-05,-1.258073760875153479e-04,-2.761986569409343372e-04,-2.997586032986161004e-04,-2.077524787782549290e-04,7.344214530640559926e-05,1.062568520871981243e-03
9.245486666050135860e-02,4.546791083632086179e-03,1.221641262219918611e-03,4.352824540118888454e-04,-6.780088506622498868e-05,-1.416955399119182110e-04,-2.006659080644442668e-04,-2.754971403023775533e-04,-3.249617449661197383e-04,2.783364480133071299e-04,8.044274531359228014e-04
9.310054535539266651e-02,4.737630915375042745e-03,1.135124395433379126e-03,2.496728869397359476e-04,-7.959232278859195017e-06,-1.757038921334208841e-04,-2.068996380211223429e-04,-2.308081009763547631e-04,-3.197062951032826898e-04,1.656577065489428502e-04,1.044655134975704461e-03
9.295029480088157214e-02,4.977908472446199856e-03,1.079937481231389371e-03,3.955144475126864891e-04,3.093653657829257756e-05,-2.225773037648366422e-04,-1.238029934430281227e-04,-2.883363446176890796e-04,-2.879340335306674443e-04,-1.453082101317678060e-04,9.813167928475390132e-04
9.584122801739278219e-02,4.845751178337777409e-03,1.010044321855887951e-03,4.008193703065721482e-04,3.224214955515337087e-05,-1.661615669342891843e-04,-1.519660681555991808e-04,-2.223131829673008670e-04,-3.524635158588542935e-04,-1.071530887401136957e-04,-4.739563240476027568e-04
9.423047763155802115e-02,4.734431020618723625e-03,9.354906989663791094e-04,2.851666556868905794e-04,5.411259616658721993e-05,-1.000714301360990864e-04,-1.379673723654196017e-04,-1.887532049743054869e-04,-4.239374619734503154e-04,-8.102726562547048043e-05,-4.825914777942671920e-04
9.309787396365536150e-02,4.978648817637962992e-03,8.752425277714832343e-04,1.262385022245251847e-04,9.146888790079262964e-05,-8.753847272026248516e-05,-1.292386891517586340e-04,-1.917639599666862615e-04,-4.399032468281072758e-04,1.542478774241066671e-04,-8.956877199399316636e-05
9.581408582518481654e-02,5.153026619597787794e-03,6.067656011127656786e-04,3.042106428784919396e-04,1.511929937233777530e-04,-1.038662196751181276e-04,-2.258393069125823208e-04,-1.472887245404039952e-04,-3.113047479700477554e-04,9.662777321346572939e-05,3.276444909728274259e-04
9.687499172509404788e-02,5.333769307102918973e-03,5.772484966441905488e-04,4.689672724484686634e-04,7.454188179731180831e-05,-1.526280566080272152e-04,-3.156058130244073986e-04,-8.858189199915154184e-05,-2.337433947954561887e-04,1.777183733446305964e-04,-6.577601092081067141e-04
9.548865711370810305e-02,5.478013650777969167e-03,1.022988510122864588e-03,4.375788308775230783e-04,1.261374334206798143e-04,-2.688969014712884811e-04,-3.333107742512500461e-04,-1.064565999180136074e-04,-1.416090687067378959e-04,-1.166942729690235727e-05,-2.481763915002000061e-04
9.471236212792949472e-02,5.763913196715765054e-03,1.559101255691731913e-03,5.867775416601257385e-04,1.044427997850016273e-04,-2.095342490738051904e-04,-3.961520105226942995e-04,-9.603755113250069593e-05,-1.650790197327968271e-04,5.452535856096067448e-06,4.636776963211396499e-04
9.414752426238916228e-02,5.859864614445487764e-03,1.839168620827594377e-03,9.594168884175621097e-04,6.177476450904715525e-05,-1.561896356412068704e-04,-3.220979736946255004e-04,-1.399039080374984154e-04,-1.737823492902375864e-04,1.171966137433330050e-04,1.765858822938220043e-04
9.572855959181483798e-02,6.068594532437819600e-03,1.859899452555931676e-03,8.985215612936127156e-04,1.668313806180798215e-04,-1.131119528924927575e-04,-2.551546543476793973e-04,-2.646792629536975851e-04,-2.166076761115521697e-04,1.200322323791050861e-04,8.169089782792102227e-04
9.528877223086781867e-02,5.953886464103351484e-03,1.659081257147201720e-03,6.743926373286123063e-04,4.214630575183855757e-04,-3.951877296804332863e-05,-2.822222399554707452e-04,-3.012218262524958470e-04,-8.129538242821497728e-05,1.182752777941126389e-04,1.398405678747642860e-03
9.434636543105662243e-02,6.027226328748463459e-03,1.726880763422320017e-03,7.191031941486093152e-04,4.956592719911653410e-04,1.010163141912393198e-04,-3.639088162050711675e-04,-3.606443187404577725e-04,-1.764998408484234871e-04,2.411238168012166852e-04,1.122736279616446580e-03
9.500889386182079233e-02,5.523118827044160191e-03,1.807627148436143170e-03,8.185616326847512539e-04,3.515770861199932966e-04,1.656420246256529952e-04,-2.677802246835762293e-04,-4.083692318180619316e-04,-4.083878302878778035e-04,2.718828188330315275e-04,2.857817812711125629e-04
9.304032961991555439e-02,5.000458149595766490e-03,1.626446130155958852e-03,8.646394021314495046e-04,3.711071231004675597e-04,1.400851539357976733e-04,-2.014902248692085373e-04,-4.190943586933544877e-04,-1.290329228706433835e-04,-2.408137116363787719e-04,5.691222048667277794e-04
9.345648039248956318e-02,4.968487821665417727e-03,1.600138162163701385e-03,8.613001219487830592e-04,4.062632864024352656e-04,4.679477825589702317e-05,-1.885442806261266820e-04,-3.244620480654452038e-04,-1.677714088028026888e-04,-4.276494211923504720e-04,2.465862890637793964e-04
9.397020467967659441e-02,5.034747362172767478e-03,1.771771412000952345e-03,8.400156121391663417e-04,3.995817510968027362e-04,7.286465413781308858e-05,-1.857009353278357320e-04,-2.905245454631875967e-04,-1.317455768224934224e-04,-3.782158654956715473e-04,2.170695685941782967e-04
9.544481583868298646e-02,5.398082796527138745e-03,1.892219493447471141e-03,9.127545638804272646e-04,3.586888495397693886e-04,7.403201609611068969e-05,-1.731960727889984071e-04,-3.332149633264913560e-04,-1.678694700397738557e-04,-4.696103076350355266e-04,-3.670189045300981633e-04
9.219276943959668624e-02,6.102102381202582394e-03,1.842780943797699741e-03,8.613287144486710860e-04,3.855041089073248366e-04,5.955537107904389801e-05,-1.793179737534573613e-04,-2.766305056683908805e-04,-1.543942014781232470e-04,-5.805148194839394394e-04,-2.726686894750791337e-04
9.131921602433140661e-02,6.383603947170539764e-03,1.932550423537732339e-03,8.793901991928963031e-04,3.885050857930833390e-04,2.147381181524882980e-04,-1.292746447909716694e-04,-3.171654780483381146e-04,-4.489765220305657668e-04,-4.134573390058540374e-04,-8.763220649044280944e-04
9.175767749181332200e-02,5.996375618524390529e-03,2.006417054891474969e-03,1.061357191314245664e-03,4.775282252485057327e-04,1.824695267062530386e-04,3.619598392587774593e-05,-2.389686047142768554e-04,-6.572197084329329869e-04,-2.288694457600060083e-04,-7.815773491079910928e-04
9.152661825296987130e-02,6.046872340724976022e-03,2.363529484299045809e-03,1.384045956269385272e-03,6.109759902598713198e-04,1.722775618428273934e-04,2.728343984828567550e-05,-1.984313184330254701e-04,-7.208368258428556703e-04,-4.033659554910201651e-04,-4.211609086157579499e-04
9.226210271479248770e-02,5.915304394022812343e-03,2.607356079523175281e-03,1.605859100211649371e-03,6.751992731445857505e-04,1.698483093426179046e-04,-7.403317804067004410e-05,-9.887833359822047002e-05,-5.305668449133271302e-04,-4.809657852041744402e-04,-1.174551227017793124e-04
9.258259753920577984e-02,5.944916742303570784e-03,2.435540063489587646e-03,1.624227615471191162e-03,7.613103231738265267e-04,1.729306926563233156e-04,-3.036633164557067145e-04,-1.208877650295242100e-04,-2.476329016871516107e-04,-4.285315183766695048e-04,-4.696456677595445251e-04
9.346963190191984183e-02,6.072088795224982877e-03,2.142211226804737086e-03,1.151719034802509449e-03,7.001021027614401718e-04,4.117005799916024394e-05,-3.401347591572143796e-04,-2.155696992648135695e-04,-1.113156114439330156e-04,-1.648114043404371408e-04,-3.071122582066618451e-04
9.368025183931424915e-02,6.034278708589772486e-03,1.789669573427341660e-03,9.075403362012712241e-04,4.318495344376482620e-04,6.588405430792930982e-05,-3.571358079774847381e-04,-2.834111833375495835e-04,-1.702792157933279095e-04,-5.013407739457338702e-05,-4.186910773985809864e-04
9.391365438221115081e-02,5.605991591194891058e-03,1.550306551397824095e-03,8.838208310700744171e-04,2.707871159268009629e-04,7.431798711590939803e-05,-3.137046843586217370e-04,-2.798715232937311055e-04,-1.596838900634570558e-04,9.579350349368190315e-06,5.824927558889062695e-05
9.221759767327709911e-02,5.125220618770929236e-03,1.686861105621952159e-03,5.771279384013071594e-04,5.804673313316626923e-05,-2.313131383852812541e-05,-2.895604155123662261e-04,-2.809819896267217419e-04,-1.784534789697649938e-04,1.626176046478703925e-04,4.710538285654131433e-04
9.079631313264087400e-02,4.960177722008672976e-03,1.375807646981849980e-03,4.455524088033244634e-04,-5.057228291903724727e-05,-1.082510889789248048e-04,-1.897599826715788847e-04,-2.604985918635032067e-04,-4.184060062749518768e-05,1.637769474246500434e-04,6.996221551782783260e-04
9.146460715857210322e-02,4.782470252820203611e-03,1.052633784803455163e-03,3.245586268627678218e-04,-1.323004844018523332e-04,-1.163959707962005074e-04,-2.705882824306703139e-04,-1.696763493080650641e-04,1.111438811123296398e-04,2.464830093020511860e-04,1.197509600919248202e-03
9.356753427229246023e-02,4.840923496203817199e-03,1.048420321965679372e-03,3.374170556651082771e-04,-2.322882340612601564e-04,-1.961838695480202599e-04,-2.672987040451800262e-04,-9.713202719595289162e-05,2.563154902890041808e-04,4.972441267790906824e-04,1.298903703561339953e-03
9.384740495923789283e-02,4.928842559142321972e-03,1.225653847579195790e-03,1.765155335295746052e-04,-2.356106491626436727e-04,-2.575477578582225269e-04,-1.736997377481335305e-04,-3.798754512867020497e-05,1.930754893248626291e-04,4.503997893764632651e-04,1.595417134744294514e-03
9.277994681151247036e-02,5.211966053349580130e-03,1.310515156548587839e-03,6.263912081219463399e-05,-1.753622283065327020e-04,-3.009692891074576982e-04,-1.964978026657371118e-04,3.790184060772666430e-05,2.141813253244619238e-04,3.794736065082680507e-04,1.263405398075560793e-03
9.366142022703374814e-02,5.463742138604047241e-03,1.413018801741096299e-03,3.645823086900291726e-04,-2.614240062660631988e-04,-3.574885402271852958e-04,-1.664785012737097570e-04,3.669370523669821839e-05,2.869679903240451597e-04,3.072729531263150506e-04,1.418185099103251839e-03
9.350577933386264307e-02,5.205902079075816306e-03,1.392355039551594056e-03,5.012325886601636925e-04,-3.839723052108885747e-04,-2.537112916888461427e-04,-1.611437159885308187e-04,8.437103738474713559e-05,2.685324394396711579e-04,5.810148622390693459e-04,5.392056897584829268e-04
9.459663523824944631e-02,4.753191520428716108e-03,1.332626664768418213e-03,4.958327514127578405e-04,-3.869141649029227809e-04,-2.341263498842125325e-04,-1.869566907413746650e-04,4.661798405167117424e-05,2.796130976225079043e-04,4.113642520622182120e-04,1.317980217376922948e-03
9.496134921180848787e-02,4.822435579806372968e-03,1.414486263230595045e-03,6.060095337606828062e-04,-2.834809134002560550e-04,-1.995649120961519177e-04,-1.374830219542044979e-04,1.071462674012474666e-05,2.647220807726402081e-04,2.406639053006973453e-04,1.324699137750382861e-03
9.206817090273283766e-02,5.317817186292005983e-03,1.437457490700843514e-03,5.855147000155779251e-04,-1.262874146792936623e-04,-2.218894859925540507e-04,-2.061219438995166267e-04,-1.370236330059161667e-05,2.025477736949506601e-04,3.384989322003224789e-04,1.768584714224715740e-03
9.278161841702756152e-02,5.337222610366981757e-03,1.479545441207129070e-03,6.254459078746336248e-04,2.450184018676003722e-05,-1.425648018319972555e-04,-2.604126593960837013e-04,-7.100515135011161761e-05,1.273202492547287215e-04,1.108065524131044457e-04,1.913472436063125975e-03
9.453349381399261953e-02,5.155726816761940431e-03,1.490651967480133072e-03,6.653614319236839407e-04,1.024354074454439248e-04,-2.177557194781544066e-05,-1.794686859359574584e-04,-9.706266078818628071e-05,-1.675245653785200468e-04,1.473861428710857588e-04,1.420403129489118633e-03
9.515348156287158077e-02,5.224704257349849050e-03,1.557523583409054033e-03,6.406800461638144416e-04,2.084393309861893174e-04,3.627871362315956874e-05,-6.183354020474569803e-05,-1.482705004129787293e-04,-4.002074120050335771e-04,-4.431848906892866391e-05,4.146651574599382510e-04
9.397935404783691604e-02,5.795769366889608198e-03,1.643638726636089623e-03,7.620534691116782715e-04,2.976398605425351670e-04,1.391968466362214572e-04,-9.145075530703044837e-05,-1.801290134298270842e-04,-4.998625408584540580e-04,-2.894322329142079973e-04,3.938522970117230870e-04
9.463235720138134244e-02,5.832847286906590878e-03,1.588633179437390830e-03,8.565469111634373654e-04,4.913164817867459117e-04,2.084490486646472184e-04,1.709773470193365794e-06,-2.477040715204635005e-04,-5.131955516009513657e-04,-4.650404069725416647e-04,2.824744223725657484e-04
9.653026732600719639e-02,5.300055684741586913e-03,1.617852590508736879e-03,8.801474240399563206e-04,4.973115257401124244e-04,2.529655396841474298e-04,-4.885621777868932284e-05,-2.959502300045567524e-04,-4.976349315316346521e-04,-4.406776152169347379e-04,6.806831840086745235e-05
9.474022632174279590e-02,5.620696908649734994e-03,1.715292301671345011e-03,9.717247453993249282e-04,4.048318773990571364e-04,2.671424880888622938e-04,3.580908223285512364e-05,-2.525385464924257621e-04,-5.143899707502525053e-04,-4.988051441503179358e-04,1.474904073677740476e-04
9.242105107443948642e-02,5.838099401182884028e-03,2.015541802349315060e-03,1.023269042115201779e-03,3.925663339810570658e-04,1.132540921370577593e-04,3.782156459560041096e-05,-1.236690539392706911e-04,-4.924511439513301093e-04,-5.541250038522441915e-04,-7.287659214207537492e-04
9.405985692412992261e-02,5.993435799232369604e-03,2.256298631250330550e-03,9.916522993127872138e-04,2.850317861239947195e-04,-4.245153225412988694e-05,-1.259891239841712805e-04,-1.307993976878884992e-04,-4.483174862694980266e-04,-7.747936277039894470e-04,-1.657548792833242858e-03
9.480960196387908101e-02,6.268198418231812896e-03,2.103682514275066057e-03,9.265109648200654932e-04,3.535350682361497313e-04,-7.797982806063555653e-05,-2.033728840234393619e-04,-2.632969172545564294e-04,-3.705268580228748463e-04,-7.716395318454976173e-04,-1.773867785275237566e-03
9.437115720042642264e-02,6.212558516080274838e-03,1.898786835411715246e-03,7.198846314716038017e-04,4.397174067081418333e-04,-9.459023857697588405e-05,-2.358624550187941133e-04,-3.433037374765271011e-04,-4.237076152543121791e-04,-7.348683779329176664e-04,-1.429130535626465300e-03
9.576517944767277968e-02,6.462046228278837609e-03,1.341515231128965948e-03,7.897348533087966129e-04,4.861138087373402658e-04,-1.202246143484903262e-04,-2.878000857501386545e-04,-3.925428044141724901e-04,-4.935198772557792928e-04,-4.876195292616268833e-04,-8.698905293863792507e-04
9.510099633440778633e-02,5.907821806047664978e-03,1.331894127751436950e-03,7.413944702125495985e-04,5.321511693158231023e-04,-3.698591454562615889e-05,-2.529867993863791058e-04,-3.914933227804843346e-04,-5.560937622723826019e-04,-5.202701621173930549e-04,-3.871930634113717254e-04
9.513099938546118461e-02,5.117055535370544465e-03,1.171369285868422263e-03,7.569884861095155931e-04,4.307708234477016515e-04,1.096944492541566729e-04,-2.534501085314999841e-04,-4.435715344382426019e-04,-6.093368485340322450e-04,-4.719950774620507270e-04,-8.013806883026842456e-04
9.507831756902100639e-02,4.835788010579782428e-03,1.021805579977814668e-03,7.193507686827557961e-04,3.040296520365726152e-04,1.269021745716911946e-04,-2.482111238061405502e-04,-4.521391802009598962e-04,-5.742716686727877178e-04,-3.161761592308821585e-04,-1.823286589351400715e-03
9.394025893971937047e-02,4.531826483021003486e-03,1.232106837830068084e-03,5.919035298844530077e-04,3.713624072502915677e-04,3.724440748264555790e-05,-2.565242073115832637e-04,-4.386634429776147112e-04,-3.732357865590089246e-04,-1.698688309680161516e-04,-1.667442263696762876e-03
9.416756927499220220e-02,4.890000461197991505e-03,1.226424906448894073e-03,7.871149946925574872e-04,5.247730871960954759e-04,-6.521296220800263158e-05,-2.656744075991021256e-04,-4.390579144015853961e-04,-2.742710424123440669e-04,-3.032038517932084945e-04,-1.036998844766852954e-03
9.510959790959747084e-02,5.583110114651821526e-03,1.272689912929185398e-03,9.390174987744370066e-04,4.187203224206052180e-04,-1.833596068889547305e-05,-2.285086566629061138e-04,-4.017028224172117354e-04,-4.552670824863953489e-04,-3.413873265822419518e-04,-8.822786563857837371e-04
9.244659752389190743e-02,6.223183590221914932e-03,1.487426392354082843e-03,8.071099405416896433e-04,2.019963955754219419e-04,-1.191196952689369794e-05,-1.693034704531179110e-04,-3.913573318182716988e-04,-5.554287283116946536e-04,-4.624459201177221618e-04,-7.721846134276518598e-04
9.286424765811794602e-02,6.190568496558327034e-03,2.044281637156971070e-03,5.938139604281607222e-04,2.014599074799165940e-04,-2.985219248832861415e-06,-1.747655528335043552e-04,-3.627210119204830863e-04,-6.048222692811294895e-04,-5.951020895342826796e-04,-9.936792057080557575e-04
9.343089472942299467e-02,6.116714050057522889e-03,2.182400006425567248e-03,3.087046531188104219e-04,2.550763671027064371e-04,-4.183543807385733760e-06,-2.034190991036792951e-04,-3.333826371271522118e-04,-5.220744836907559349e-04,-7.096977445100075910e-04,-1.018903484682720430e-03
9.470202410155292849e-02,5.880914497039309123e-03,1.768517407988257160e-03,4.839543827279912621e-04,1.564498519015929351e-04,9.115392626556430321e-05,-1.860556496313446151e-04,-3.954441467462131124e-04,-4.768856624082052991e-04,-7.570694515368053129e-04,-1.881233812193784400e-03
9.572185028453313038e-02,5.503253982280740739e-03,1.648441583272976631e-03,3.348853945857227011e-04,2.396963804456846299e-04,1.103369820484992922e-04,-1.894033578540055588e-04,-4.304345754211019270e-04,-5.334064515702341630e-04,-6.242890297881494716e-04,-2.143093119778475327e-03
9.656688999782485350e-02,5.473361682877262921e-03,1.749409893927173550e-03,3.836265126820064702e-04,2.938150021446731702e-04,7.172464614055114513e-05,-2.204909932371104490e-04,-4.155237743645717047e-04,-4.834871053454733395e-04,-5.320716718088960113e-04,-1.770377329101004973e-03
9.595721967611874070e-02,5.962188872828367951e-03,1.700739289124586842e-03,5.854975129494664667e-04,2.767276629995142796e-04,7.160348246045712261e-05,-2.381943832920330173e-04,-4.047918945945586902e-04,-4.527736295714973212e-04,-3.149858490716386751e-04,-9.208713025624938034e-04
9.596744269680961004e-02,6.296330115769890358e-03,1.800379331813379462e-03,7.392398960252114263e-04,3.757657227760159767e-04,1.312650818866181030e-04,-2.003826968108622186e-04,-4.686308609278903295e-04,-5.086506801443129713e-04,-2.978392748975266634e-04,4.587295382483662387e-04
9.452931217986755563e-02,6.036246309884312974e-03,1.576258809685823466e-03,6.307958800370348567e-04,3.625460859632084970e-04,1.904070911874394302e-04,-2.523613100599718297e-04,-4.069540969352716114e-04,-6.026396771467743907e-04,-2.473638606609873127e-04,6.035333671572171285e-04
9.527268297258179031e-02,6.044092030268626188e-03,1.568044978576977255e-03,7.831829196857547411e-04,5.932960279687630404e-04,2.089961776101406275e-04,-1.455366700868312210e-04,-3.782388568980243589e-04,-7.194368220532188461e-04,-5.709683384946922765e-04,-7.203066074864973968e-04
9.840792289230887446e-02,6.139201191858729804e-03,1.787481919782409143e-03,8.557670836573531880e-04,5.362946973612835047e-04,1.431416176293138533e-04,-3.925210870600882423e-05,-3.650665999294699709e-04,-6.862903098705765625e-04,-9.919580643534132557e-04,-9.280988788659806730e-04
9.659767083497891593e-02,6.355069098324555611e-03,2.100481693437776347e-03,1.053408293826975156e-03,4.005889006152956182e-04,2.390180007473116305e-04,8.939264508223472734e-05,-3.812782985095802043e-04,-5.558663798039725811e-04,-1.122381873549063366e-03,-1.348003201478270010e-03
9.637805307635981256e-02,6.330468265750746615e-03,2.166926270053399356e-03,9.123132752843701601e-04,3.739655037624647145e-04,2.884874232624798926e-04,4.486573369024520733e-05,-3.632504175604812208e-04,-5.179834350419453568e-04,-1.094088427798989164e-03,-8.795217589540248139e-04
9.646204585693980704e-02,6.400071451296663466e-03,2.304368116011132339e-03,7.827162285942472963e-04,4.520735883978829273e-04,2.655350403399858662e-04,-1.426784810278393920e-04,-3.571583932514737006e-04,-6.445564436560114645e-04,-9.577498651532248119e-04,-9.883477757763512415e-04
9.671447284011444601e-02,6.247257353402440108e-03,2.379714252419488311e-03,9.040890147352666738e-04,4.827417030184730988e-04,2.134509992859074236e-04,-2.011178178966922467e-04,-3.144740399547251548e-04,-7.464745269401629538e-04,-1.011423991634843259e-03,-1.106094502148685004e-03
9.540578188030339468e-02,6.574106216470402934e-03,2.295540378506715114e-03,9.900425741665361528e-04,4.308500313656822784e-04,1.297958658003098775e-04,-2.304048110660341568e-04,-3.515174137433370381e-04,-6.390413492730602583e-04,-1.067167386835316326e-03,-1.889154331039927335e-03
9.594459025760655735e-02,6.288033589955551589e-03,2.024241012565607383e-03,1.087345636935171250e-03,3.052431423236134705e-04,1.364400526957013061e-04,-2.528007742278396818e-04,-3.114472371524194621e-04,-6.356752354456882701e-04,-7.805077433612404554e-04,-1.954854777167596130e-03
9.526727503940629616e-02,5.479148205979300114e-03,1.699079998026818781e-03,7.731951628349669316e-04,5.010396552115342237e-04,1.159352123126200745e-04,-2.816164966575524821e-04,-3.596057249861607692e-04,-5.633311662375850353e-04,-7.161740903753985484e-04,-1.525445651186225658e-03
9.563729366108779384e-02,5.205577453061011745e-03,1.227607953860249601e-03,6.477947564489989650e-04,4.747219850667364028e-04,1.084646705158114093e-04,-1.906334899151076166e-04,-4.914564961602025826e-04,-5.331625666737175012e-04,-7.429667358115877272e-04,-1.305734842196595467e-03
9.432200331850766617e-02,5.214819237080590281e-03,7.623912796819460724e-04,5.432060200826416751e-04,4.423172591710816367e-04,1.536108938399450272e-04,-1.606797668408145054e-04,-4.947524085515221442e-04,-6.063775371905609805e-04,-7.491329442182750832e-04,-2.544852443496445631e-04
9.243886771097213628e-02,4.747037796184356249e-03,5.963431165706405569e-04,3.510277852811913226e-04,3.918344190621736098e-04,2.029362398327192731e-04,-1.954477039808599488e-04,-4.051159457848373287e-04,-6.295506307662498751e-04,-4.471543761152501186e-04,6.847932311572153862e-04
9.251389347269159402e-02,4.468906982312689444e-03,7.718915614134225049e-04,3.013501615305040670e-04,3.603954828050413969e-04,2.122947089525471646e-04,-2.068358218810361227e-04,-4.126530955719015970e-04,-5.692126145250216195e-04,-6.199114988736292636e-04,1.143410889625225786e-03
9.495563694017260248e-02,4.142297888842855734e-03,1.089574172104669112e-03,4.615017629170927935e-04,2.844246377756826615e-04,2.639326015876429076e-04,-1.439082937361656992e-04,-4.725893175725704928e-04,-6.793392656326579550e-04,-6.343641158395520348e-04,-1.095637808684321249e-04
9.595515681537909736e-02,4.874477660140616973e-03,1.195402109198737649e-03,2.233293621656143139e-04,2.313857194790797968e-04,2.718221080238033497e-04,-1.655994955097914807e-04,-4.211902013431684808e-04,-5.669326812148651421e-04,-6.692275260790207271e-04,-1.241263189164022599e-03
9.479705902205330659e-02,5.428689601577812301e-03,1.466058565522710593e-03,1.781198745191753577e-04,2.424638534766186421e-04,1.795949531903772030e-04,-1.736434199703812702e-04,-3.515113709660358738e-04,-3.600218689599808761e-04,-7.364276277142956916e-04,-1.392947833748942998e-03
9.430543062391504028e-02,5.400316997804666640e-03,1.416446482312570766e-03,3.164218581521955156e-04,2.095107577446116501e-04,1.279280354219447817e-04,-1.908818635680733914e-04,-3.215391502086591222e-04,-2.595238381861707006e-04,-7.736715118761328157e-04,-6.618805952095036449e-04
9.353022420482737243e-02,5.014077658130509756e-03,1.634929513501393343e-03,6.016061236926491945e-04,3.007628226310490459e-04,5.427788349345074367e-05,-2.369241794465461203e-04,-3.468466944542884464e-04,-3.139500610807418788e-04,-7.175042631995588206e-04,-9.872017509600012654e-04
9.524824262073304515e-02,5.047153323688533845e-03,1.575049824312708827e-03,7.100032622606137914e-04,2.827976146174232498e-04,1.307392597472318305e-04,-3.830058472872492148e-04,-2.618731400439362777e-04,-3.921974977173759932e-04,-6.160426990821780188e-04,-6.829688457430793539e-04
9.525590489107364778e-02,4.960062488288275589e-03,1.773097353975165756e-03,7.840244103932136888e-04,3.095129303865228835e-04,1.691945799312150089e-04,-3.922379462705409070e-04,-3.928613574472009529e-04,-3.583794883684542705e-04,-5.731329851710142802e-04,-8.283505792838763426e-04
9.523830757757603682e-02,5.462398216707458655e-03,1.814988036783202153e-03,7.660869885574595481e-04,3.538558016867325486e-04,1.200379670631262905e-04,-3.606568915257744260e-04,-5.445839970245580338e-04,-1.919412845614329542e-04,-3.053893164614739282e-04,-3.361277151645246895e-04
9.478627485612045600e-02,5.794434125540933768e-03,1.710271832720660625e-03,8.846833115980917706e-04,3.223022327230692279e-04,1.196807997734891405e-04,-3.892285888803081583e-04,-5.701452412541244087e-04,-2.071203463779026064e-04,-2.187003916969209954e-04,2.660341113993606709e-05
9.522623793169027184e-02,5.478445255289654189e-03,1.539743459372287055e-03,8.179582234673767960e-04,3.176222573439999399e-04,8.828311594320135079e-05,-3.111286303801777246e-04,-5.129772249319749199e-04,-2.612960766548359077e-04,-2.410790890665969800e-04,-8.629869209479482399e-05
9.197461551825089621e-02,4.765836842030268285e-03,1.495531989720108850e-03,8.004733813068359372e-04,3.500053688589111552e-04,2.263254952159540583e-05,-2.353330835737309755e-04,-3.907193331883475015e-04,-3.598844308732073241e-04,-7.867298993670751258e-05,-6.005303503018294799e-04
9.072456556410257722e-02,4.181441307030810649e-03,1.827318260617645605e-03,8.637694993062106519e-04,2.918039696466077828e-04,9.943722802084522389e-05,-1.812335566047802693e-04,-2.658353747665458317e-04,-4.132965564702062943e-04,-1.785853211244179490e-04,-9.484982994029779804e-04
9.054316805658997602e-02,4.564487193620702689e-03,1.794383975761071207e-03,9.112703641547545766e-04,3.020164884030289063e-04,1.160905175612958446e-04,-1.638664019179630828e-04,-2.183608776300084242e-04,-3.400080038482342190e-04,-4.201849928197540760e-04,-5.266053720071019661e-04
9.064322540784265636e-02,4.965524378799076981e-03,1.956251626055514285e-03,5.920406852945533666e-04,3.326892894897074326e-04,9.059506110893060136e-05,-1.443160694127792543e-04,-2.495301078030991615e-04,-4.553458130613030836e-04,-5.014467358838901835e-04,-2.301638300655348330e-04
9.320855257130444826e-02,5.545387908353252571e-03,1.887951820973870392e-03,4.821283506039932281e-04,3.127630854676469846e-04,1.394740111189039847e-06,-2.177947116995291395e-04,-2.195623340293512398e-04,-4.760515186425329053e-04,-4.648321824398520007e-04,5.690382751439207855e-04
9.237329470339143700e-02,5.970909850105897941e-03,1.806703208451350580e-03,5.105030092122656493e-04,1.128772870406773024e-04,-5.406392148783464651e-05,-2.497931831721321373e-04,-2.722853432416306335e-04,-4.254367874453572488e-04,-2.597299548521462371e-04,-8.834738459262154314e-05
9.254717416546590081e-02,5.149555698954472530e-03,1.594553141317603309e-03,6.499451533959901091e-04,8.198448675208344313e-05,-6.125796496500520096e-06,-2.661245064200526097e-04,-2.750931731164230694e-04,-4.273596796039886301e-04,-2.191186599606041491e-04,-5.464730056678646666e-05
9.374973585526906461e-02,4.316957929229427518e-03,1.474041751000509763e-03,5.924916689666142027e-04,2.961572368405802598e-04,1.584223445422647158e-05,-2.696937654101064382e-04,-3.424751945345818737e-04,-4.066558031253903176e-04,-4.899674331381951306e-04,3.784979583968540030e-04
9.271599182505632641e-02,4.237465743531147397e-03,1.247277487558206893e-03,7.177770599317590547e-04,4.346993459029992028e-04,1.421236324355511888e-04,-2.633624560865907528e-04,-4.454601897498628566e-04,-5.270689166951164108e-04,-6.583954803165452049e-04,2.372686674243979269e-04
9.276840972221868376e-02,4.661494365385219878e-03,1.266106720173965517e-03,6.933965560826999474e-04,4.939895238595212084e-04,1.582545210808702994e-04,-2.790526780140943153e-04,-4.371328718415786558e-04,-7.323240544585880472e-04,-6.846133976779048610e-04,-5.419042944336980791e-04
9.323004341123802829e-02,5.075626625530745874e-03,1.301914622454924345e-03,5.269684819572562767e-04,3.195671427516364512e-04,3.438866884091596539e-04,-1.807770661646526894e-04,-4.658829822208276580e-04,-9.194682522703979304e-04,-7.821647946002014068e-04,-7.560804619159859413e-04
9.411028225343950893e-02,5.563078501714419088e-03,1.566782824162677844e-03,4.526510462731235572e-04,2.898831309536556368e-04,3.220806098023704708e-04,-8.215477009761902198e-06,-4.364873045178223050e-04,-1.139217224622083181e-03,-1.136432476220411783e-03,-4.676353606594630600e-04
9.301366270051175666e-02,5.796300517808605779e-03,1.601399760472082320e-03,5.126242542873956547e-04,2.783298367577355403e-04,3.248961165690673609e-04,-9.143983054416394382e-06,-3.978879522513440012e-04,-1.149181451107095025e-03,-1.358438249211799207e-03,-3.359341670513497761e-04
9.308512471630311924e-02,5.776837547220543129e-03,1.777741416493680039e-03,7.397508798620278103e-04,3.654207118904666957e-04,3.674349833550767078e-04,-8.336890126074015660e-05,-3.331093900432094803e-04,-1.115642222665673249e-03,-1.247090405585772610e-03,-5.254666593442911199e-04
9.330448250925317544e-02,5.823127260791999965e-03,1.804165162470183726e-03,1.038147676222313069e-03,2.694114112879479259e-04,2.623047754878600588e-04,-1.323664621386992158e-04,-2.736309028084852723e-04,-1.014983378156611611e-03,-1.040674372746946269e-03,-1.808150732769330579e-03
9.328393075239767296e-02,5.387974383335112152e-03,1.915330934455748702e-03,9.281196238462603850e-04,3.076639667681302977e-04,1.742006091064222885e-04,-2.077639430152328193e-04,-4.208290434000844758e-04,-8.279351991549316076e-04,-1.092593902935960369e-03,-1.580723350688909143e-03
9.349333862824951713e-02,4.759903817800107372e-03,2.017860583558970470e-03,8.603344667177870641e-04,3.270135163259480014e-04,1.276198531167402686e-04,-2.078917480294842802e-04,-5.035522862298524209e-04,-6.522593529460309937e-04,-7.860629637215937621e-04,-6.247631913833097753e-04
9.314796389929114184e-02,4.872716479807702276e-03,1.621287940524154337e-03,9.288870262171404230e-04,3.619655516606869747e-04,8.770641112131708107e-06,-2.326402257454677515e-04,-3.395638403350789486e-04,-7.016063855130298286e-04,-6.161224871369159637e-04,-9.751364485643211405e-04
9.403804022595986523e-02,5.355498047438115271e-03,1.396370379754748991e-03,9.764146514537941140e-04,3.661892350361305865e-04,-3.198790411841434214e-05,-1.628389868664112644e-04,-2.452552205774287679e-04,-7.206537962358964709e-04,-5.556329211571860334e-04,-1.422886840426562920e-03
9.405104104894658479e-02,5.579580222000886207e-03,1.439668721370801485e-03,6.751789090848040907e-04,3.081848483181047027e-04,-8.614492420871271443e-05,-3.893192142728215495e-05,-2.788674792572468693e-04,-5.580207014804804740e-04,-6.197802310320798657e-04,-5.821821680060020043e-04
9.406240629863189817e-02,5.927037316273879065e-03,1.366145461625254765e-03,6.250937384414233114e-04,6.936888695158421707e-05,-1.683628712977410199e-05,-8.329684816930511804e-05,-2.407511789349420987e-04,-6.047673322016005161e-04,-4.339624742125386251e-04,-3.341920681411596271e-04
9.200142685651294117e-02,6.016718483129669844e-03,1.368578088745698576e-03,5.733029415211458044e-04,4.748764822885981216e-05,-5.102201038671611190e-05,-1.984103379362547575e-05,-3.297838049452735186e-04,-6.130070430551791535e-04,-4.688377557314638423e-04,-5.823911677099457857e-04
9.184909300484010719e-02,5.777687517050046108e-03,1.128296787948029076e-03,6.413186568908652583e-04,9.688927796524623884e-05,-5.142615121711029071e-05,7.397028308335080576e-06,-3.735062580851906001e-04,-6.451007049901478704e-04,-5.102852151945213525e-04,-3.579956261702790938e-06
9.241901958340199841e-02,5.382388418300402232e-03,1.060332927864559910e-03,5.367494587389978452e-04,7.064173874408032994e-05,-5.370095238994763130e-05,-9.659433581569356188e-05,-3.140426781606298653e-04,-4.916776921887590444e-04,-2.388899584187147759e-04,3.260321630954779036e-04
9.167821277719509498e-02,5.009671328447455260e-03,1.048631600388761666e-03,4.645645763788508898e-04,1.616190646459545496e-04,-5.497199715544789135e-06,-3.218078440049664652e-04,-3.465226775781806161e-04,-8.220728136412487760e-05,-3.653430669373611598e-04,7.541278441152157123e-04
9.335332314323284419e-02,5.354610539013548304e-03,1.120448042117689995e-03,4.665057419440720777e-04,1.424087531918191718e-04,-1.759602266862461589e-05,-4.366067220185860598e-04,-2.295747382497242322e-04,-5.928806300276997176e-05,-3.967065030920761157e-04,1.646334570204793703e-04
9.466843058964596880e-02,5.276728316746232168e-03,1.130497821404412859e-03,5.434147643970368632e-04,1.144995498925608507e-04,-1.234270627345319070e-04,-4.036628046009453847e-04,-1.359934587133009834e-04,-1.688760923558069830e-05,-3.177364339988882546e-04,-4.375938298220790083e-04
9.212349053085845674e-02,5.303050422426203517e-03,1.202763646435022187e-03,2.644726743591003246e-04,1.665359969571551671e-04,-2.513132302164274349e-04,-3.410399182887701775e-04,-1.483679183090268812e-04,1.487098727384961519e-04,-1.731355197998311500e-04,-4.609668738317471322e-05
9.265322600909942086e-02,5.108314413457553868e-03,1.269363881997030230e-03,2.737473415975535951e-04,-4.101746406590293911e-06,-1.514404369720512083e-04,-3.024503560819487096e-04,-6.402445342188709540e-05,3.540050546748654478e-05,-2.560150817829314818e-05,-6.841605465887207725e-05
9.531544835577164532e-02,4.758534571888670996e-03,1.272545960230390787e-03,2.992185089532397083e-04,-6.433704099635105284e-05,-2.115603060074592678e-04,-2.234512946528569358e-04,-1.392641145700733722e-04,-5.861677511825587154e-05,3.481709390600721296e-05,-2.257459144775122301e-04
9.326957972080369974e-02,5.083248658172671158e-03,1.016109033669632903e-03,1.273439942110118071e-04,7.911247748557596437e-05,-1.931873587798766225e-04,-1.668010088172335688e-04,-1.627901048634498784e-04,2.044285125463087688e-05,8.749354653189123326e-05,3.612594524880129382e-04
9.281361959016054541e-02,4.921700521916188426e-03,7.862659104212208015e-04,-4.101308096117101029e-05,7.249253125978179539e-05,-7.566645420130052970e-05,-1.792045664835445083e-04,-1.461369934573391238e-04,-3.112737502460654541e-05,1.297074007006945319e-04,2.451624726456512362e-04
9.258916593112012650e-02,4.594976428318281632e-03,9.063348351547043579e-04,3.642982123771644801e-05,1.085662647406257064e-04,-4.042956306124919341e-06,-1.464774407098193060e-04,-1.190203427556732723e-04,-5.390227243210928134e-05,-1.550322989260764263e-04,7.062463658324080957e-04
9.328591915856904171e-02,4.672388971508891972e-03,9.560994835979133100e-04,2.362932275720958206e-04,5.750089879917140971e-05,-4.260577370325615589e-05,-1.564035000231883818e-04,-1.315366812070998658e-04,-2.169456841807885659e-04,-3.626942219283442394e-04,6.431819516005682488e-04
9.492941245497396596e-02,4.852977315675901723e-03,1.221069360015656149e-03,2.877069811103069152e-04,1.947913681833588067e-05,-1.483515119197816739e-04,-3.816508906098350055e-05,-1.095910002729571278e-04,-3.069349183860224217e-04,-3.815564338234436574e-04,-7.416227074665836835e-05
9.556519171789824851e-02,5.342513621916723104e-03,1.416584975556919130e-03,4.387121549514050702e-04,-8.613436356387724484e-05,-9.439243402498251247e-05,-4.950863575377490236e-05,-1.583192358386703157e-04,-3.447858588687149309e-04,-6.753377908788516957e-04,-4.413711971263723811e-04
9.317236878245072074e-02,5.152339271814939184e-03,1.854597594427672162e-03,6.028927377612554621e-04,-2.717981173322774884e-05,5.095606537341642889e-05,-1.605076233478284868e-04,-1.714638292022690037e-04,-5.574114476297034387e-04,-6.324454212026384484e-04,-7.096911218635643028e-04
9.396824418126238643e-02,5.478932289313997832e-03,1.977902144491635369e-03,8.645416340024269760e-04,1.217130293603681864e-04,5.086043709583315823e-05,-2.950709200991066383e-04,-3.274408481060775769e-04,-5.534636834981431983e-04,-6.476619669797311013e-04,-1.022495851858553967e-03
9.339026153004348352e-02,5.531752599204673750e-03,1.973256276051853740e-03,9.902872308007537941e-04,5.527481757905171669e-04,3.755755097787202627e-07,-3.464199306117896602e-04,-3.934930175431613358e-04,-6.659084623665794799e-04,-8.417518264113938104e-04,-1.426039990262958261e-03
9.157762672648134261e-02,5.803676265073825537e-03,2.038098902799257133e-03,1.189247460136826908e-03,7.369372880079545166e-04,5.689969249816083689e-05,-3.668205768686326300e-04,-4.957192149571707038e-04,-7.399229977427519787e-04,-8.974753835196947437e-04,-1.140713574231300544e-03
9.316385798490697812e-02,5.891382158651059867e-03,2.238596257528060757e-03,1.142271414451482940e-03,6.871621494690502603e-04,1.951519745759765155e-05,-3.170383574048880296e-04,-5.340355987968633091e-04,-7.883486667181855648e-04,-1.038340619199150730e-03,-1.205054181722124652e-03
9.391927413443917905e-02,6.090954165903939010e-03,2.500473317947587114e-03,1.163295051749136614e-03,5.937847319386953954e-04,7.936721038662697449e-06,-2.306680272314155355e-04,-6.118396890970495853e-04,-8.508024918467010662e-04,-1.205868433819365978e-03,-1.551227422049387484e-03
9.491334638916518185e-02,6.641864329584813362e-03,2.134275198164276802e-03,1.218555466405798387e-03,5.892290116049417586e-04,9.680511312734281276e-05,-2.023133965203872974e-04,-6.508588774825365374e-04,-8.598292910547412861e-04,-1.341487238962887603e-03,-1.179601628083875231e-03
9.608230081855419213e-02,6.577925916343158562e-03,2.232652124481723007e-03,1.036852096826488667e-03,6.613140958694401850e-04,3.877496213841905118e-05,-2.169830150052310996e-04,-6.401143003240825557e-04,-7.185852875943694266e-04,-1.380371820415219079e-03,-5.460316569842452086e-04
9.321374381492605887e-02,6.748771996619109051e-03,2.292731600822741495e-03,1.007579133016654749e-03,6.204582738005802456e-04,-5.715913922226388446e-05,-3.069725260968615243e-04,-5.191831736306888124e-04,-6.629280149412510557e-04,-1.141893954276428872e-03,4.001670285662996544e-04
9.451675778262222383e-02,6.257074959375970649e-03,2.059777117494425262e-03,1.087527370760027088e-03,3.371196204542412978e-04,-1.108119615870694036e-04,-4.203686762838851863e-04,-4.039489152012657944e-04,-4.884799291405415205e-04,-3.269937877575334988e-04,7.063823709860912129e-04
9.612224050088487293e-02,6.201379349565261205e-03,2.024532743226348849e-03,1.159863534292997558e-03,3.341462064155372325e-04,-2.749408795794491996e-04,-4.453274717982360319e-04,-3.565788076159806291e-04,-2.752054134349522264e-04,-2.052571359152722315e-04,7.033487023677401561e-04
9.453163898850706903e-02,5.623907280787098471e-03,2.077176110318715990e-03,1.206915486160931635e-03,2.636618828734488230e-04,-2.655870209310786647e-04,-3.870121499340881490e-04,-3.927125623199919789e-04,-1.984037653192196910e-04,-2.172781426868549283e-04,5.022840069789220830e-04
9.435927254438603029e-02,5.167348318719150457e-03,1.933202738695707435e-03,1.312791291401267050e-03,2.479375777556236653e-04,-2.137461488722937071e-04,-3.953755506300858538e-04,-3.905592976625090742e-04,-2.256717599125851567e-04,-4.719091129571009323e-04,6.041996180572174182e-04
9.338229289047707271e-02,5.261000994308428179e-03,1.943226812708910090e-03,1.101861104701468402e-03,4.179531453333569903e-04,-1.186347233749760112e-04,-3.976654189288014339e-04,-4.082845165844003338e-04,-3.893563509512678743e-04,-3.677992107374021720e-04,-1.977780488859175471e-04
9.619132772523400488e-02,5.081184920920106540e-03,1.743824055800117720e-03,1.128398021886657925e-03,4.848784074006987901e-04,-2.208482252211090122e-05,-4.212166836717485814e-04,-3.855722412389949133e-04,-3.328811028271054322e-04,-6.599490477484446904e-04,-2.048820432377430922e-04
9.590239816180115562e-02,5.353344822110053108e-03,1.760729818415624707e-03,1.072065261285749848e-03,5.869245351996624270e-04,6.840951997550582064e-06,-4.168610669657612567e-04,-4.848189858135951223e-04,-4.834037682608091700e-04,-1.042577595742709981e-03,-7.351371702285165505e-05
9.527788036620786494e-02,5.496436261141273046e-03,1.797578681815052747e-03,1.019167270069402682e-03,5.154747068403500634e-04,-6.081870658477685996e-05,-4.128547178735597926e-04,-4.213744027545661018e-04,-5.646483920670294010e-04,-1.030845724403264439e-03,-8.129989781408308077e-04
9.412813239374542840e-02,5.308884380474772173e-03,2.004083504174268993e-03,1.026161419104800604e-03,5.027866276739328694e-04,-1.929041161556473919e-05,-3.702636217240196136e-04,-5.040455302278262209e-04,-6.417358473944625909e-04,-9.037801676068209699e-04,-1.005307222164823853e-03
9.453453800433007925e-02,5.026449261104865701e-03,2.089883221655412619e-03,9.290959397232845468e-04,3.718879854479285527e-04,1.679133348619059617e-05,-3.077531856892165726e-04,-4.943552713459896560e-04,-6.117522268808571126e-04,-9.124302722978994964e-04,-3.550917748291166449e-04
9.371887223726220462e-02,5.729968377436489395e-03,1.777216383839258637e-03,8.652213696530149057e-04,2.905653144447840203e-04,-1.499454064973401984e-04,-2.756592768091054610e-04,-3.047663300964701663e-04,-4.691465336037789306e-04,-6.514957570846367178e-04,-2.017088668155510463e-04
9.406634094245938660e-02,6.017506014273517854e-03,1.566940472682164633e-03,8.999153910929665436e-04,3.497354944645183735e-04,-1.668237939335153917e-04,-2.703588748592569268e-04,-3.469340686792952381e-04,-3.607078605592980167e-04,-4.779038386074923759e-04,-6.299101968251041937e-04
9.500065245314895379e-02,5.551882353450521626e-03,1.308778320862037919e-03,9.162479778152751719e-04,3.023909603310778803e-04,-1.848065280237642851e-04,-2.488366950793390845e-04,-3.412035825826584311e-04,-2.638831951263977539e-04,-4.429567808638898711e-04,-4.339639600894940096e-04
9.544677430757014802e-02,4.910186240917312553e-03,1.256155089971382026e-03,8.030455626760373347e-04,3.379165901856273743e-04,-1.488785189448843993e-04,-2.157977435875545072e-04,-3.708868695757848184e-04,-3.845945283042934712e-04,-2.289510134553794673e-04,-4.990605452910256128e-04
9.112796137110650008e-02,4.207223595240725152e-03,1.198056233821155440e-03,6.644734573195637886e-04,2.526510308202034355e-04,1.192845339359529310e-05,-2.239485549995228386e-04,-4.258048009455757637e-04,-3.601404718419068049e-04,-1.586015445699200772e-04,-8.540578605635541993e-04
8.927386345913820853e-02,4.251045591605258009e-03,1.177695483436567124e-03,7.120764954797618920e-04,3.255555593330673801e-04,-3.692042775063691864e-05,-2.635212245849624570e-04,-3.577615574061321075e-04,-2.884124414009091395e-04,-4.509301243889390302e-04,-5.284575375852921175e-04
8.902167428411952854e-02,4.659834088954252669e-03,1.316102626849014953e-03,7.752305403601763255e-04,2.981827365563000814e-04,-6.161606686679962810e-05,-2.746345126803429490e-04,-2.620601012342442895e-04,-3.823761642854957158e-04,-5.602398170663390941e-04,-8.637886463035906060e-04
9.146468100690170744e-02,4.751970147290263645e-03,1.421216466275695674e-03,7.481595173395604904e-04,1.768631085857150221e-04,-7.774546879125584671e-06,-2.228141271735490064e-04,-1.194379384881643670e-04,-5.119406047531226958e-04,-6.073297427460024912e-04,-1.732005734289527839e-03
9.370158374283614477e-02,4.894922161979248926e-03,1.493331828935112694e-03,6.752086992813622571e-04,8.865515709368034663e-05,-7.764867190696267104e-05,-8.286790875767905719e-05,-1.597447846867479457e-04,-3.394588999501555772e-04,-8.785063679233165229e-04,-1.958504894656078188e-03
9.356922585848502505e-02,4.769046055354123070e-03,1.628883221131767652e-03,6.709638528249476036e-04,1.756941730862414679e-05,-1.083247680348959371e-04,-1.260147980753118402e-04,-8.428078329520391260e-05,-1.989124897814171199e-04,-8.404549218437743028e-04,-1.353179366056563677e-03
9.310811337350531625e-02,5.357043460764173044e-03,1.698295830964632446e-03,8.258474164474810964e-04,-6.254523192510694565e-05,-1.718137213549746848e-04,-1.798003529178836171e-04,-3.067777523323719449e-05,-2.897303249787658275e-04,-8.443576269853747584e-04,-1.094798614240412131e-03
9.541740789075429940e-02,5.687431278097000026e-03,1.817867691371455883e-03,8.251214860480462696e-04,-9.123798195489004779e-05,-1.866481680601714981e-04,-2.612058485145702692e-04,-1.029365002663219981e-04,-2.032908494762511280e-04,-8.343336212724608136e-04,-7.599184783553854109e-04
9.560545062342817868e-02,5.955565645291390105e-03,1.957005301491580775e-03,7.856632267864123789e-04,1.031341790088425447e-04,-1.036038740426106444e-04,-4.382555908235857183e-04,-1.378150440652077622e-04,-2.952631845843934331e-04,-8.336290958342320537e-04,-4.573682091947786220e-04
9.505740461147708931e-02,6.426512708173008626e-03,2.050639771093896568e-03,8.975711621257760229e-04,4.999444559993548084e-04,-1.081367441605270190e-04,-4.383161485631479584e-04,-3.601367318628894061e-04,-4.256219808733723215e-04,-6.923013519911983254e-04,-3.795070167296779292e-04
9.308828256944259860e-02,6.310372799061099262e-03,2.334206174243587568e-03,1.291975960175303743e-03,5.383124462582699124e-04,-1.243074122013317301e-04,-2.141857635351435141e-04,-5.536177281041001867e-04,-6.715924933506958435e-04,-5.402300304108323230e-04,-3.523591410518765103e-04
9.323868110119469532e-02,5.783410913991494581e-03,2.755852997532500220e-03,1.493100296002369560e-03,5.390981908923990094e-04,-2.075275106815383444e-05,-3.083920181445852244e-04,-6.902447747730262395e-04,-6.623995681651534189e-04,-5.143418498672207339e-04,2.745966316419857839e-04
9.303285085672098609e-02,5.858739748736000244e-03,3.010150176624738338e-03,1.425958749842927940e-03,5.879641955172312676e-04,4.363253546233335272e-05,-4.096569092750179057e-04,-7.974566639631629770e-04,-5.559512215077991402e-04,-7.463903330430224012e-04,-6.014045742335647144e-04
9.516658607764005851e-02,6.476338191597579702e-03,2.652987536093237390e-03,1.441577047930320613e-03,6.488644814481436948e-04,3.424498903240163756e-05,-4.699336394812375097e-04,-7.651194498648718938e-04,-6.330764352098345281e-04,-8.326662764425957295e-04,-7.582020837071569040e-04
9.595648999465858364e-02,7.089238223149875624e-03,2.248096510674105208e-03,1.355871789953940615e-03,7.150324140962201983e-04,-8.145142619129246587e-05,-4.630356859030586216e-04,-6.183982371432257758e-04,-6.804420141225535649e-04,-7.614315438973550190e-04,-1.389726762786175785e-03
9.497796348447393178e-02,6.677701896920130477e-03,2.045647801803574320e-03,1.118655392920642720e-03,7.182876537810615851e-04,-1.283755382534911655e-04,-3.345007994430637221e-04,-5.073939986767038056e-04,-7.173492297967646713e-04,-9.975362942217576735e-04,-1.715739099333370718e-03
9.288623579399009345e-02,6.043166460756258657e-03,2.037822753646395188e-03,1.022280408978853364e-03,5.013200365960877912e-04,-3.105187778149309233e-05,-3.033033305946818852e-04,-5.122047801846876238e-04,-6.244779221572396930e-04,-8.667149290681440150e-04,-1.560269058707323270e-03
9.227586320287985144e-02,5.099578806498429248e-03,1.791679779969939127e-03,7.578922124081316925e-04,2.991711731479169425e-04,1.687249421979935952e-05,-1.585727821235482170e-04,-4.859387525469530795e-04,-4.867743652409043460e-04,-6.198220885398468029e-04,-1.219205116913620393e-03
9.202764705411317636e-02,5.257845716191116535e-03,1.472851082183141433e-03,6.741792463378591931e-04,2.740307776588053832e-04,6.649589136651046185e-05,-8.186009321816752505e-05,-4.063224081462069666e-04,-3.928227140575256469e-04,-8.387618325783240342e-04,-5.960263336078299888e-04
9.513228726668578050e-02,5.315583007404661546e-03,1.113624239834400294e-03,3.507566021042643153e-04,2.523389762048194093e-04,2.687654717811811781e-05,-7.914029751135569809e-05,-2.860265160342683648e-04,-3.933224731449659552e-04,-8.637749686209275938e-04,7.732807207280062434e-05
9.554126291932155124e-02,5.411902713723429868e-03,1.013247167987121281e-03,3.952322700122383979e-04,2.806748130306795813e-04,7.018554680141626398e-06,-3.300699056032281500e-05,-2.539587499835251907e-04,-5.161117232084554488e-04,-5.941281728173875443e-04,2.989140276573918234e-05
9.645413902201510625e-02,5.714725041974033116e-03,1.237844838815464017e-03,5.048445559158922652e-04,1.930892770084241409e-04,-1.276180430427042447e-05,-1.419527650111120743e-05,-2.374928653214139246e-04,-5.534711706303860551e-04,-5.534132414399240384e-04,-1.080365793345307865e-03
9.522794660816601142e-02,6.032256395039131344e-03,1.406158649401312039e-03,4.557937691939559981e-04,8.361483287045974946e-05,-2.522346217907742825e-05,-1.105690124078963026e-04,-1.693090012555688382e-04,-3.697461128812221717e-04,-4.527582957866550339e-04,-1.480618505101424179e-03
9.320533275390871508e-02,5.944388581759493112e-03,1.455912317101927794e-03,3.818959175800759826e-04,-1.369531602020036656e-05,-5.172062863075098263e-05,-2.382076983385745942e-04,-1.909279841053686168e-04,-3.075611866420087923e-04,-2.860058190686894835e-04,-5.923897765203779697e-04
9.474468683145992332e-02,5.440848630104608979e-03,1.369928423308673995e-03,4.733481501772417448e-04,4.130946439717744507e-05,-1.918985246499062811e-04,-2.820544842262545323e-04,-2.208634730485376950e-04,-1.471973244042891916e-04,-2.436096562095328569e-04,-2.793698973818588868e-04
9.777181562189976582e-02,5.045729510851654047e-03,1.324959052627902589e-03,6.498773550760621794e-04,2.232429885271242673e-04,-3.245021015819819256e-04,-2.801025601499106230e-04,-2.458024582916353159e-04,-2.239792681401450887e-04,-2.565151793170708351e-05,1.669036391447281209e-04
