2.981059803799349789e-02,8.224615486277869758e-03,3.129854826409105700e-03,1.619256640875320168e-03,4.198567044670569815e-04,-4.267926685143355256e-04,-7.104498395370362858e-04,-6.196540039731727838e-04,-2.144206891743149167e-04,5.877153881099181658e-04,1.876043489319677640e-03
4.040883015524665556e-02,1.099446494838047551e-02,4.025518450103370005e-03,2.104008761125976575e-03,3.939928608952864464e-04,-7.451928665495317732e-04,-1.152738589328920239e-03,-7.882653369548826318e-04,2.783580980419303485e-04,1.633507529532981888e-03,3.778626513481402136e-03
4.906874921781104876e-02,1.630800367735352543e-02,6.398594746899166283e-03,2.935928778332504326e-03,5.909963662800595506e-04,-7.761484228684201268e-04,-1.468492390779534444e-03,-1.265596948491692431e-03,-9.034609584675892382e-06,1.307424876619287316e-03,3.119657211492581766e-03
5.632310981873918376e-02,2.031141164363504947e-02,8.193861816412290403e-03,3.098221857989085122e-03,3.924826706074149634e-04,-1.005116884744318949e-03,-1.650465238033648396e-03,-1.431761411508169265e-03,1.862365145483955878e-04,1.421556718286650896e-03,2.412673326799583216e-03
6.348788929245888224e-02,2.350671638534215097e-02,9.550060655401921075e-03,3.478422734365313896e-03,2.737794403941910945e-04,-1.466173480425517813e-03,-1.947845968083170183e-03,-1.487963949795995892e-03,5.647815838659211995e-04,2.194167540733887260e-03,3.507668884501751166e-03
6.596874700378994871e-02,2.405873677511213837e-02,9.832828425982816783e-03,4.199601128460354188e-03,8.256780244075850482e-04,-1.291300958305183471e-03,-1.812481888591973558e-03,-1.602377016915868544e-03,-4.044748352749530352e-04,7.887343942493709164e-04,2.428426128026104063e-03
6.667874664891570990e-02,2.352128298503768089e-02,9.663039172552845280e-03,4.234827761853866487e-03,8.151977853047419516e-04,-1.228214821140987062e-03,-1.561715182435320735e-03,-1.273663016429206485e-03,-8.263773943409147326e-04,-7.682969456426274810e-04,-6.960079995795532496e-04
6.641049954787495158e-02,2.393527891259634652e-02,1.018444702154541748e-02,4.288779154041823943e-03,8.335367356043693653e-04,-8.944892119717317734e-04,-1.310575338516732679e-03,-1.225680172852513595e-03,-1.611045018618757112e-03,-2.350598701248859078e-03,-3.262874140678095284e-03
6.883216111343386234e-02,2.572285149798030079e-02,1.061758726284135930e-02,3.942281220617587303e-03,2.417290122414697626e-04,-8.957510529651352849e-04,-9.755918095117624639e-04,-7.133793829679101932e-04,-1.904254350164884257e-03,-4.091532654022341647e-03,-7.111125406372588616e-03
7.381973042213112179e-02,2.688366484309440835e-02,9.770700005046095704e-03,3.108268894885484693e-03,-3.465225279345069700e-04,-1.185822382326190676e-03,-7.397437917364766812e-04,-3.119599199707614621e-04,-1.279199203989412562e-03,-4.038195662103782890e-03,-9.488456327964441342e-03
7.777604398236720451e-02,2.801643899110557029e-02,9.579763457808140176e-03,2.990174574999463798e-03,1.136296802068670342e-04,-1.148760626183859077e-03,-8.830326377222043202e-04,-5.735539270453512669e-04,-1.371608164756624431e-03,-3.527479270864715237e-03,-7.337812158788313208e-03
7.626522799343077308e-02,2.931464728187956406e-02,1.064018461354069613e-02,3.592649864316097702e-03,8.682622833806154846e-04,-5.417574927883114832e-04,-1.177357747216305726e-03,-1.210081449021135165e-03,-2.196946652765064626e-03,-4.131463701373794262e-03,-5.955907230493064607e-03
7.278897726719867067e-02,2.762982877943749582e-02,1.066778895114144435e-02,3.755204731181776417e-03,1.024197968162918236e-03,-3.072544034761694361e-04,-1.325498595388513055e-03,-1.559417519169192671e-03,-2.222219096429020688e-03,-3.184101346546246505e-03,-3.790745410411526257e-03
7.792371467925730821e-02,2.993494744558040238e-02,1.183494840865933519e-02,4.649072321743428528e-03,1.239970663499041260e-03,-4.603899224270416638e-04,-1.396133099523510232e-03,-1.994189885105403411e-03,-2.569626178964471916e-03,-2.600072865768145690e-03,-3.589916130267860588e-03
8.235462430994214267e-02,3.351197913947326357e-02,1.370918902347362071e-02,5.598106218303478855e-03,1.252362173625941886e-03,-9.699439059546822789e-04,-1.756697177580196848e-03,-2.155282315527010453e-03,-2.460575456146775301e-03,-1.720694542880458295e-03,-2.207869671982630455e-03
8.641949125834307022e-02,3.749810182954368964e-02,1.654975566290453615e-02,6.742927435558449673e-03,1.443735153711940772e-03,-1.299799426207717693e-03,-2.211793029551712732e-03,-2.196482057609852687e-03,-2.574094331938578915e-03,-2.741757675959044429e-03,-3.278254975074709754e-03
9.056785365059721871e-02,4.173754509051771228e-02,1.951780849465642106e-02,8.378734100667055082e-03,2.123372810558188384e-03,-1.195631600598811520e-03,-2.472817721609684750e-03,-2.387182132170938536e-03,-3.599917492606688734e-03,-5.819531747514408195e-03,-7.609138255519874890e-03
9.648383545834036956e-02,4.468371530036121392e-02,2.091385934712291367e-02,9.186704230596530116e-03,2.256090903853437499e-03,-1.416822654875639050e-03,-2.614415660451860877e-03,-2.479431384559367679e-03,-3.740110683619142680e-03,-6.594929904450493041e-03,-8.987324072960423821e-03
1.003454064384916716e-01,4.735976453353858001e-02,2.278025563311653762e-02,1.074192683693959809e-02,3.088511354626918490e-03,-1.170211498128073506e-03,-2.716195699412313896e-03,-3.189913780900609317e-03,-4.838380429254810280e-03,-7.724882141735322887e-03,-1.113198959543715109e-02
1.016819576952248810e-01,4.912638242341457739e-02,2.431465251526345253e-02,1.154583949721262048e-02,3.835957058874645258e-03,-9.317324295288901062e-04,-3.253933296511381940e-03,-4.149818729893060484e-03,-5.045494317200456200e-03,-6.262697367243798101e-03,-8.236483302478964791e-03
1.036539425578723861e-01,5.163679971395266494e-02,2.681306011492275501e-02,1.352104650048791684e-02,5.161842922765460216e-03,-7.095848570962148306e-04,-4.037453811164414159e-03,-5.352582072975420671e-03,-5.578981561655989296e-03,-5.723256152179579184e-03,-5.655177051360290967e-03
1.076394612563332798e-01,5.514814652793464944e-02,2.996759694971758842e-02,1.598088896378294099e-02,6.247862440056073906e-03,-9.266754205668541969e-04,-4.769875497225482819e-03,-6.274422895223275704e-03,-6.204821331766263888e-03,-5.248988380503061789e-03,-2.316765013819292209e-03
1.070277320021669060e-01,5.495893908802849254e-02,3.043081210310030413e-02,1.625681681041666812e-02,6.056978388878204132e-03,-1.386096458707838930e-03,-5.067531075903447708e-03,-6.136571865341521916e-03,-5.874786418423478054e-03,-3.411735730893361834e-03,1.865576063562000364e-03
1.070337151496025957e-01,5.658288252370672483e-02,3.235681752946729939e-02,1.776135020588772567e-02,6.795149555597880531e-03,-1.193882000909774919e-03,-5.387925739384787777e-03,-6.754218704592730715e-03,-6.672128915502447549e-03,-3.830271761845896374e-03,1.095453636824106824e-03
1.050573789443214473e-01,5.414951460213843909e-02,3.043327375661038225e-02,1.688756535570926087e-02,6.678944786917588410e-03,-7.125869670870315200e-04,-4.957541721346533925e-03,-6.673754729529678478e-03,-6.738696506591211437e-03,-4.673247205193792678e-03,-1.240591602995739151e-03
1.065624679681541481e-01,5.503772806358229325e-02,3.082010251282123886e-02,1.673055476854371643e-02,6.522095498144122629e-03,-5.370839610092787136e-04,-4.761768430803867830e-03,-6.792058013318515684e-03,-7.065073882063044840e-03,-5.045280575030815576e-03,-1.543833604946058188e-03
1.063150652481137381e-01,5.420228551716474441e-02,2.887851615283376291e-02,1.472666622659054778e-02,5.399850181731493011e-03,-7.621720549331351688e-04,-4.195934604192243234e-03,-5.868459700187356361e-03,-6.438003557921475814e-03,-4.948371238554864250e-03,-2.684366410662946019e-03
1.066330235169953011e-01,5.388242574424492726e-02,2.813004281124091219e-02,1.403168399507594144e-02,5.204683139164210416e-03,-6.657059257275686542e-04,-3.820557069721265686e-03,-5.511568468469815567e-03,-6.681185053631237547e-03,-6.032288874911888830e-03,-4.892530211630234140e-03
1.078754595522606746e-01,5.468616482500900100e-02,2.861624160445153109e-02,1.475328345745143856e-02,5.714988246738030887e-03,-5.304173227978826489e-04,-3.698321943726308111e-03,-5.614757090331945651e-03,-7.328283857382304582e-03,-8.024213514678867759e-03,-8.106405163484048035e-03
1.069173197006332010e-01,5.226135378158502237e-02,2.654742799971191586e-02,1.365312767188129120e-02,5.355388553261208537e-03,-2.677897925395737299e-04,-3.226993099966996969e-03,-5.193840987411305413e-03,-7.288625942007499747e-03,-8.738552046456276451e-03,-1.053839557620021676e-02
1.029283712874637102e-01,5.054690457742167659e-02,2.577286422256466064e-02,1.293178765274524342e-02,5.102408361932396497e-03,-2.325401496169256937e-04,-2.996435530592671346e-03,-4.944425347470233698e-03,-7.279416660250443219e-03,-8.509462213973742126e-03,-9.831812012920699770e-03
1.007184245792226707e-01,4.932078800956694875e-02,2.455438732124786555e-02,1.194838347079880438e-02,4.544964239601749327e-03,-5.474144338276103108e-04,-3.154683599807894031e-03,-4.684738583898215292e-03,-6.289530293897687210e-03,-5.994031401401413335e-03,-4.915047956939241902e-03
1.056019664927070750e-01,5.087803022732447639e-02,2.500844831280774755e-02,1.298354808956684106e-02,5.273257022660262500e-03,-4.995226277185699053e-04,-3.691974519965427696e-03,-5.053653348824127534e-03,-6.361424414027024542e-03,-5.918097009449534672e-03,-3.907666485609394454e-03
1.099398670486064211e-01,5.326480644591814056e-02,2.673299990087198499e-02,1.436868905981026311e-02,5.651622176912893432e-03,-6.714853185619895984e-04,-4.299136788903566882e-03,-5.399607921699317407e-03,-6.144952606549490721e-03,-5.844116203102323048e-03,-4.857610435378470308e-03
1.123997091663060943e-01,5.775379086097964798e-02,3.110170252383968534e-02,1.671357543311563498e-02,6.483047196283901921e-03,-9.443341930149922424e-04,-4.859183302549134609e-03,-6.203430330754542039e-03,-6.718741230274939170e-03,-6.662464913104231001e-03,-6.554553622854316156e-03
1.168009623791549517e-01,6.357165789674582013e-02,3.625983611464623363e-02,1.951184304433526903e-02,7.446506218590724820e-03,-1.043787469375247450e-03,-5.556423986859794842e-03,-7.276526590148862245e-03,-7.768743723822543398e-03,-7.275629418095105015e-03,-6.287316596598693449e-03
1.234165878942342920e-01,7.010574266360621032e-02,4.137544291998326851e-02,2.293568852272324932e-02,9.039639148900990850e-03,-6.965650865468729766e-04,-6.228488333983080681e-03,-8.813289049465999198e-03,-9.697036677058082366e-03,-8.531583295911219708e-03,-6.473509608619401091e-03
1.294317788651214163e-01,7.381970475088975303e-02,4.371295590068592640e-02,2.470548674069979883e-02,1.021140560476210303e-02,-4.131939308324340397e-04,-6.617378526580689792e-03,-9.890795597631634253e-03,-1.075087795640851038e-02,-9.002676426021058095e-03,-5.147415050201914477e-03
1.273608385645865204e-01,7.130473513856623591e-02,4.145377978226513077e-02,2.354376177650327820e-02,1.021668326397436911e-02,-3.409628979309305575e-04,-6.712577150949580046e-03,-9.838284018701562092e-03,-9.901775040533817435e-03,-7.363076166534365807e-03,-2.688939851499076977e-03
1.270423374136897265e-01,7.206437468660625845e-02,4.255920699880657437e-02,2.455249682054634272e-02,1.134440113533395633e-02,7.774717695529044298e-04,-6.658208312580288571e-03,-1.083938335259614430e-02,-1.175185580011954729e-02,-9.150847482929260965e-03,-4.883508854686371969e-03
1.257907016837527814e-01,7.112946502898814805e-02,4.288093115535899363e-02,2.548284701993322118e-02,1.240453873127342864e-02,1.937500016030735102e-03,-6.060694634014837309e-03,-1.153790720938559569e-02,-1.398440848089003812e-02,-1.276711826352842048e-02,-1.056260548516845151e-02
1.181720545196817823e-01,6.608799077610329198e-02,4.009529738043939029e-02,2.416522028047708021e-02,1.172607056009881271e-02,1.709738139356704704e-03,-5.554182515521348222e-03,-1.062219905758750825e-02,-1.316289393478066103e-02,-1.319191098512313871e-02,-1.184087072324539573e-02
1.207826925494288606e-01,6.839980777785270583e-02,4.209268107846189655e-02,2.581688510787144564e-02,1.269911600731443019e-02,2.014641495975379431e-03,-5.452914752749791864e-03,-1.070509656532140329e-02,-1.477854219304104710e-02,-1.741490674943989986e-02,-1.904566135834792617e-02
1.203250764388742872e-01,6.826483448970843693e-02,4.209045742726860023e-02,2.560431469440239624e-02,1.255829440757441802e-02,1.913599898176336677e-03,-5.289035504216010181e-03,-1.029706846711433282e-02,-1.474921262212524828e-02,-1.876540663146361587e-02,-2.247107204007961836e-02
1.270454099932079584e-01,7.307395825243596932e-02,4.520662464618540460e-02,2.749027293430455349e-02,1.366094187813239949e-02,2.263719185058998915e-03,-5.550538789801031693e-03,-1.105811865890451648e-02,-1.617418442058146319e-02,-2.122112078604116575e-02,-2.628250878105227797e-02
1.296992157570386883e-01,7.551625219395899369e-02,4.596043995686552308e-02,2.745893946475132588e-02,1.354895130852250100e-02,2.312182807403875395e-03,-5.483709029536822446e-03,-1.099127982089243179e-02,-1.649638491291201964e-02,-2.208934724534009075e-02,-2.769827026180996660e-02
1.335031026328991344e-01,7.941930783507795966e-02,4.916534818834418508e-02,2.982776741854156061e-02,1.557961308438039413e-02,3.852429837054336531e-03,-5.187119425020086418e-03,-1.269608890317424667e-02,-2.017417717410696643e-02,-2.607813510853843747e-02,-3.209973705421651641e-02
1.363683322030838085e-01,8.139239887650792649e-02,5.090926399018839976e-02,3.116156209666490207e-02,1.629065891306662878e-02,4.039193979515545013e-03,-4.992121874881284144e-03,-1.315172212706509566e-02,-2.176638068834866116e-02,-2.751189371954536333e-02,-3.325990149967947979e-02
1.395430531224805260e-01,8.516310044447610028e-02,5.465395750374767853e-02,3.389977538328491080e-02,1.745573761338917174e-02,4.163102044597276515e-03,-5.341149945824441234e-03,-1.392464524474636665e-02,-2.346160738569373974e-02,-2.946096394940198038e-02,-3.394665561123449277e-02
1.371904598052696156e-01,8.419962681572049079e-02,5.540420118958443857e-02,3.484826199720666290e-02,1.766837057294718544e-02,3.520343671571258236e-03,-5.969247450999088343e-03,-1.387317070471034627e-02,-2.259503942696180351e-02,-2.804206044836991124e-02,-3.093825158434164099e-02
1.341313626318264840e-01,8.097721466543550406e-02,5.279849249596457739e-02,3.362373130306742924e-02,1.709779347673291705e-02,2.900424014586258387e-03,-6.762708886905588988e-03,-1.338387812040073462e-02,-1.998492993873412713e-02,-2.392897980510731368e-02,-2.588437489617469861e-02
1.284184903362709518e-01,7.536880326700810817e-02,4.733633359501379645e-02,2.962142554225889388e-02,1.506492396495254411e-02,2.192618371043212992e-03,-6.683786192363035811e-03,-1.217169866634481255e-02,-1.652046994914439099e-02,-1.860041805282075522e-02,-1.998721661912261291e-02
1.231596293594177938e-01,7.001568712385751458e-02,4.237081184469548845e-02,2.600294238868037025e-02,1.288455525051747895e-02,1.748977842779085318e-03,-6.269809379265034628e-03,-1.100366384387198478e-02,-1.384277443725541457e-02,-1.452524442706305818e-02,-1.570418162654866820e-02
1.185619292633997846e-01,6.541213047141430925e-02,3.865593448943902694e-02,2.290243768277273884e-02,1.070063663626347368e-02,1.161381014195048090e-03,-5.907605645604045719e-03,-9.891026812735593046e-03,-1.147083733178841033e-02,-1.059420491988543114e-02,-9.060093808780988328e-03
1.117554380333453667e-01,6.022774330311280594e-02,3.430013545621170973e-02,1.872893922204080935e-02,7.746803356174841379e-03,2.323397703816123974e-04,-5.197816722330443791e-03,-8.036383489662568547e-03,-8.623634355741234894e-03,-6.955849239827943155e-03,-4.543720882441033664e-03
1.068366342591524770e-01,5.584893259198871890e-02,3.018684385971282316e-02,1.560123452973044035e-02,5.663526594142321603e-03,-5.410333884955752367e-04,-4.702968586645436301e-03,-6.593816707474682744e-03,-6.303480510222614353e-03,-3.962362693943338211e-03,-6.837529046040682294e-04
1.048676206943919414e-01,5.272360589235855488e-02,2.716220110656956954e-02,1.346616088030837093e-02,4.423973394573308369e-03,-1.000665425654389965e-03,-4.474031864185255315e-03,-5.646958155935640801e-03,-4.650559297648448713e-03,-2.002150921241688253e-03,1.830212768638909580e-03
1.046278940317408590e-01,5.143042495758825411e-02,2.562673265583386567e-02,1.163531300868231484e-02,2.596578696475299302e-03,-2.076984767980755413e-03,-4.461580514596255077e-03,-4.636501868812330576e-03,-2.364613210947401692e-03,1.526475365569037075e-03,6.488432946149600214e-03
1.023140541021385075e-01,5.012536091805777638e-02,2.416707162732175188e-02,9.924537637371035059e-03,1.480242782600422070e-03,-2.648995152638449098e-03,-3.965635341108070949e-03,-3.588027142570487677e-03,-1.596209918335751970e-03,1.914790672754598756e-03,6.820670823466093956e-03
1.031906443801809681e-01,5.136707925464548824e-02,2.444443052795179649e-02,9.411403484875653994e-03,8.016033930747434519e-04,-3.559005667374755353e-03,-4.156919287113382787e-03,-2.931721814291219502e-03,-3.661511295990534380e-04,3.067397830756868164e-03,8.074398579822230151e-03
1.068528453186718130e-01,5.344639485162309966e-02,2.591055966822951653e-02,1.013558485303033864e-02,5.084588858429815858e-04,-4.303896421132080360e-03,-4.577233831336410298e-03,-2.751404034411316507e-03,4.815177377055342373e-04,3.819581626996035231e-03,8.883648051078805313e-03
1.057514363715521821e-01,5.290085659121539219e-02,2.617198005566834240e-02,1.059005585800786714e-02,4.897475423803983102e-04,-4.353728787965876861e-03,-4.653584556199713562e-03,-2.704592571113603044e-03,5.238654582934514602e-04,3.619427108897789805e-03,7.584306917895364611e-03
1.045036113334929795e-01,5.208180257645734362e-02,2.635771500670767292e-02,1.127851692436022783e-02,1.351855247274172172e-03,-3.508159089594715171e-03,-4.289121865088232725e-03,-3.292303071034983347e-03,-9.898600177436548114e-04,1.161996276167420955e-03,4.208395824437294666e-03
1.081663000572690991e-01,5.443715321043847422e-02,2.824531889638189769e-02,1.292722408127391573e-02,2.599645026589052828e-03,-2.778823181291220027e-03,-4.473322711068777706e-03,-4.309842818133789374e-03,-2.516802324755895628e-03,-6.430419931435127530e-04,2.442411735390600212e-03
1.109795000994058117e-01,5.806827966526187379e-02,3.095082501343192696e-02,1.491523156154327817e-02,4.146396324536436896e-03,-2.497642779890460810e-03,-5.309464519856519661e-03,-5.443691551271468212e-03,-3.400928584800083903e-03,-5.411272730378201886e-04,4.089351382865517685e-03
1.145676639592015517e-01,6.171992662446441208e-02,3.415198420649322858e-02,1.773245496629773793e-02,6.464398380180442355e-03,-1.217366453362062192e-03,-5.593030505932830923e-03,-7.077754212264541350e-03,-6.298159042364748217e-03,-4.036912922968666044e-03,6.847063471911226263e-04
1.179950729060010722e-01,6.396580336208500250e-02,3.648465929243892292e-02,1.996404559733533021e-02,8.187310010495477477e-03,-4.896938249631731206e-05,-5.374538204469504581e-03,-8.291783048164150238e-03,-9.322929331258788394e-03,-7.542749018417512809e-03,-3.772040922270660825e-03
1.221440126395410969e-01,6.740400192461755424e-02,3.966893725414603195e-02,2.284282578160861527e-02,1.044340692912555831e-02,1.368844854538061326e-03,-4.946524203715560800e-03,-9.609034231890002664e-03,-1.331201737190227698e-02,-1.352224983642778128e-02,-1.226251851694377774e-02
1.282132706019626922e-01,7.319785086696065091e-02,4.384704289780415321e-02,2.606972454842204287e-02,1.289991036942735037e-02,2.736756399685763997e-03,-4.957361610636384745e-03,-1.109457997141059284e-02,-1.702107469525880601e-02,-1.943468609209977188e-02,-2.048606506048370260e-02
1.307038750401376681e-01,7.563038129601389048e-02,4.604642528815282299e-02,2.801446519934054635e-02,1.472012443040751281e-02,3.873803405436241319e-03,-4.788474283890441566e-03,-1.207627075299389820e-02,-1.979012602774200824e-02,-2.403736879714181082e-02,-2.618956094036999777e-02
1.294655271384599626e-01,7.365264346601199663e-02,4.524254876891071336e-02,2.786014104579115011e-02,1.474714415929788587e-02,3.834940754978727329e-03,-4.841501735999369747e-03,-1.197758098213082094e-02,-1.941940845517172581e-02,-2.373753680493143059e-02,-2.550275485553871874e-02
1.288336599654572312e-01,7.448034522585240957e-02,4.565222015363139263e-02,2.803734410909192176e-02,1.462761738185127704e-02,3.608661279576332124e-03,-4.784107604051377610e-03,-1.171084222829166591e-02,-1.936462265824034218e-02,-2.464207160164869070e-02,-2.731382777967707870e-02
1.281278077607290733e-01,7.576319383749004210e-02,4.676559214767052330e-02,2.835415264627868387e-02,1.444636234180335897e-02,3.463983914810093469e-03,-4.709209774795154908e-03,-1.151358551860067088e-02,-1.946396143124872954e-02,-2.582391135706926799e-02,-3.138520069904370685e-02
1.334748458658629733e-01,7.957527780077366941e-02,4.961606382175041963e-02,2.981513462174358378e-02,1.477127367032321156e-02,3.516571484173111346e-03,-4.777531359002085663e-03,-1.178984759625210932e-02,-2.043524935449807581e-02,-2.789657241897386744e-02,-3.595741426868421381e-02
1.348553067378069903e-01,8.037046321547740291e-02,4.986374066904204760e-02,2.987079529785879872e-02,1.462005670610407038e-02,3.042437586535056034e-03,-5.100230097543546892e-03,-1.164507641724537440e-02,-1.967014375335662812e-02,-2.674371704781573073e-02,-3.446762277506654898e-02
1.349565872129796784e-01,7.912045520470074866e-02,4.853477889698819964e-02,2.916772233987242197e-02,1.452192472188628021e-02,2.815304130014604795e-03,-5.178971322452462396e-03,-1.141136541351594168e-02,-1.904400420847038658e-02,-2.547074261197644629e-02,-3.189313736815359290e-02
1.331057049784178936e-01,7.629047452055220946e-02,4.572813512635896110e-02,2.780584417320950200e-02,1.407156509462224696e-02,2.557341146678624409e-03,-5.337576932987318605e-03,-1.121849370687996034e-02,-1.769360211942070174e-02,-2.203845122325801681e-02,-2.535716344950238871e-02
1.285645854684592804e-01,7.312277004984633899e-02,4.381769111350940910e-02,2.675489651900801735e-02,1.396933212602871968e-02,2.952792948851968875e-03,-5.120483013408868959e-03,-1.137629216359409799e-02,-1.757245304396836544e-02,-2.075349662932897757e-02,-2.200948485137318653e-02
1.224639849061714553e-01,6.851809226407959419e-02,4.154726410398064396e-02,2.592260978425467433e-02,1.401195694545828881e-02,3.719699771784919749e-03,-4.516693847452947670e-03,-1.152881909848371515e-02,-1.806161734495327631e-02,-2.137295691749827031e-02,-2.366239218823804752e-02
1.153726823599436208e-01,6.318730212044436356e-02,3.794282360097842033e-02,2.372008251978104804e-02,1.265240246913446401e-02,3.359102850813577238e-03,-4.107012057656270546e-03,-1.053689974973405150e-02,-1.633436814416323532e-02,-1.945310147904598733e-02,-2.382581644549893254e-02
1.131335682918521018e-01,6.185618101143259412e-02,3.722944490204711798e-02,2.321260878645093825e-02,1.231196086570151595e-02,2.919649977921041743e-03,-4.508264321636109781e-03,-1.027394762069584223e-02,-1.485000590520091715e-02,-1.779134430992981852e-02,-2.225483977611903558e-02
1.147734704173016679e-01,6.298979656549327788e-02,3.781973225858007576e-02,2.357767392231921097e-02,1.242941358199462464e-02,2.539822375715697876e-03,-4.943788617354338832e-03,-1.015980568001532448e-02,-1.435976105323896919e-02,-1.723606099276720968e-02,-2.066181473768664151e-02
1.223785007395530033e-01,6.936930266145099888e-02,4.247911102523851956e-02,2.680392916905978071e-02,1.423576716435945647e-02,3.301633717146929946e-03,-5.243915676762351055e-03,-1.148095260398749110e-02,-1.720673533760140594e-02,-2.068996090647146416e-02,-2.475663319885927291e-02
1.258878843176645668e-01,7.237343053377651159e-02,4.381864534723542426e-02,2.669631033043522519e-02,1.373894033549159094e-02,2.985819258424129551e-03,-5.227576561566880942e-03,-1.138386079035416665e-02,-1.713585261242539168e-02,-2.028194402558844769e-02,-2.409155769309096612e-02
1.293033639698609460e-01,7.614587444985596032e-02,4.675927304836093035e-02,2.780263210528626655e-02,1.431640869012374556e-02,3.123400813882790724e-03,-5.237360534890242274e-03,-1.182019165267055201e-02,-1.827532539938810444e-02,-2.243917329162645885e-02,-2.608338525260634616e-02
1.295348938306969122e-01,7.577794887190231199e-02,4.601209571297220496e-02,2.701429626606225570e-02,1.393454347265147587e-02,2.952924370363697610e-03,-5.175244293298985644e-03,-1.156122396795150088e-02,-1.771475987919639630e-02,-2.179962478515176660e-02,-2.508114856959935482e-02
1.281274602528725826e-01,7.384057109467570545e-02,4.453100094570536238e-02,2.677135483263273774e-02,1.394883351660347430e-02,3.380116711424007228e-03,-4.844307348042173160e-03,-1.155862326693716906e-02,-1.802801127704220865e-02,-2.257314723170131959e-02,-2.734605436850318441e-02
1.227959827228702200e-01,6.861533960758428585e-02,4.098939526165482766e-02,2.459476140461120536e-02,1.305495768051105447e-02,3.357839306227280128e-03,-4.284725926877365303e-03,-1.075417110692724644e-02,-1.710730727143916149e-02,-2.160281675698228973e-02,-2.754227014484829719e-02
1.220811936496464800e-01,6.814962180729985941e-02,4.102455522345389155e-02,2.436907838190156828e-02,1.277224637170982016e-02,3.037663059366956571e-03,-4.544303418191819252e-03,-1.056132827980181370e-02,-1.636753854344114023e-02,-2.039082718699037136e-02,-2.608108912546160812e-02
1.224613495760462911e-01,6.977823991641535217e-02,4.221867108402806851e-02,2.520696171759242987e-02,1.297223155498401781e-02,3.026660478514560035e-03,-4.898833854758273716e-03,-1.098552556259855054e-02,-1.651862915136805346e-02,-1.949043047281011354e-02,-2.289773891286221025e-02
1.283283418986702895e-01,7.440274203343927306e-02,4.576644018522846996e-02,2.792951466127940180e-02,1.464561275327472614e-02,3.746806266250788872e-03,-5.303322402422298680e-03,-1.229338236348631076e-02,-1.863587900626763327e-02,-2.199013740668653849e-02,-2.371940483911919723e-02
1.271745740414310100e-01,7.309415102457983426e-02,4.467017096467989362e-02,2.741492608463725819e-02,1.477508205092099326e-02,3.785635425732712840e-03,-5.266509663605826487e-03,-1.199257422406797662e-02,-1.870229800197067624e-02,-2.201252964034820445e-02,-2.333546716490680559e-02
1.323159419681947946e-01,7.746810235299211866e-02,4.841359389565431243e-02,3.072916704453194578e-02,1.733166955889035507e-02,5.079548864038399558e-03,-4.994425390465098008e-03,-1.331664758004913289e-02,-2.265265530068034244e-02,-2.869066550506954930e-02,-3.359043219049529655e-02
1.390898817398535103e-01,8.185396582679060895e-02,5.156633390378963233e-02,3.274870592390556612e-02,1.821475357386047669e-02,5.424868284004845040e-03,-4.794372554694169807e-03,-1.394654689600886496e-02,-2.433489030877737658e-02,-3.275403550341534492e-02,-4.064221807525195823e-02
1.400084934785335578e-01,8.375748645555745886e-02,5.305697511012578277e-02,3.357805531047981101e-02,1.831807666096333526e-02,5.693146437778945530e-03,-4.681749754274980822e-03,-1.420010362585740100e-02,-2.497027670199014268e-02,-3.470406270007244526e-02,-4.455295711089117539e-02
1.377716747639726180e-01,8.196601861995736482e-02,5.142935503281649556e-02,3.200389120149842864e-02,1.728254704618542581e-02,5.179544789503212274e-03,-4.556771881061305769e-03,-1.340019878146235174e-02,-2.379134052392446394e-02,-3.296979603921893626e-02,-4.096323849733647660e-02
1.399638532920441658e-01,8.369364267079354436e-02,5.285565553854239956e-02,3.277662686487048394e-02,1.767357238668764569e-02,4.957678162639370806e-03,-4.973372601966269575e-03,-1.359614237804201466e-02,-2.402775923934270114e-02,-3.209519709958065514e-02,-3.939230496103505313e-02
1.406378796455459435e-01,8.451275684852264936e-02,5.389822458708021236e-02,3.358544253381695599e-02,1.804691066241890032e-02,4.961483883393482536e-03,-5.202591267900238785e-03,-1.398275040985742096e-02,-2.426845072877655343e-02,-3.184708320535108161e-02,-3.823941244318796590e-02
1.417772804435187828e-01,8.535920473493271987e-02,5.394895564905802243e-02,3.315920527676863294e-02,1.711718562433596491e-02,4.121607321010560369e-03,-5.603877988958003327e-03,-1.364225525556706994e-02,-2.237911441694639611e-02,-2.932860669483127944e-02,-3.623568333905614891e-02
1.391554441708082179e-01,8.322784440189494315e-02,5.197387029712149248e-02,3.165724228829194103e-02,1.591905973090145671e-02,3.791128888116211595e-03,-5.615564449734926356e-03,-1.314058543625029087e-02,-2.075621392555891329e-02,-2.669951214774720846e-02,-3.328823599938900840e-02
1.306375698012921527e-01,7.658013918457658165e-02,4.756913135932858139e-02,2.896104927687295078e-02,1.501456671983959247e-02,3.663073138386199398e-03,-5.360325358015313561e-03,-1.232776254111550562e-02,-1.903073992375280479e-02,-2.420704992586488261e-02,-2.962098583488391099e-02
1.258512615760488951e-01,7.152567322666500416e-02,4.343765124275057732e-02,2.657698800821100410e-02,1.422692634433674920e-02,3.732217729795320876e-03,-5.015395105383243547e-03,-1.184677872873898460e-02,-1.774374370084911071e-02,-2.187133163144093853e-02,-2.622204327458499754e-02
1.201430730968093274e-01,6.573656603439480273e-02,3.854009144883258076e-02,2.355949051333001976e-02,1.289704116055594499e-02,3.365804533190694739e-03,-4.736585038006949772e-03,-1.088837189809041019e-02,-1.571075624223695205e-02,-1.821021042635275963e-02,-1.974822515435261869e-02
1.115889458505872067e-01,5.948310607294526875e-02,3.393363494742698133e-02,2.033873962625390094e-02,1.125962747867434964e-02,2.817994107244806232e-03,-4.205373568613496663e-03,-9.444312398328874938e-03,-1.383666987599852134e-02,-1.563856890239593775e-02,-1.508883069328732264e-02
1.106144126127673738e-01,5.970921985202996135e-02,3.468805663938646228e-02,2.105395144071740485e-02,1.167446012729434109e-02,3.118406652497361913e-03,-4.077387403539589790e-03,-9.654919900494118162e-03,-1.472531456205302368e-02,-1.724358533185857412e-02,-1.643194336955288229e-02
1.151179403442694205e-01,6.246828589706773099e-02,3.719940673421011368e-02,2.293526322992891706e-02,1.252747134496513988e-02,3.766925483059018961e-03,-4.010398484045212854e-03,-1.039244881866326423e-02,-1.652492867619436909e-02,-2.005491516391153320e-02,-2.204949399047112513e-02
1.168431570017931520e-01,6.285033289611276219e-02,3.614882120645648150e-02,2.108626494492436484e-02,1.105246842440987289e-02,3.275067921630832844e-03,-3.794683798407248818e-03,-9.466053300247479971e-03,-1.510084588007289466e-02,-1.910886271977727674e-02,-2.396889042953407462e-02
1.201025440592799060e-01,6.614421292247869844e-02,3.809758303417966341e-02,2.140120089126514025e-02,1.060868431980019864e-02,2.673531898424802693e-03,-3.959759757163858716e-03,-9.163725420341209058e-03,-1.464838715462824306e-02,-1.952245955426680155e-02,-2.498278190219949818e-02
1.196542454300330571e-01,6.626813754553179114e-02,3.824462252669993956e-02,2.161704086101458311e-02,1.037791741676486086e-02,2.206443894238688079e-03,-4.200113931905356812e-03,-8.934927239785754247e-03,-1.390474165905830096e-02,-1.890814229002200919e-02,-2.353101547064024787e-02
1.230127335809325789e-01,6.978522576469418925e-02,4.195678608247233043e-02,2.468537407914828466e-02,1.194583249422729795e-02,2.348891998469970852e-03,-4.853083311441511692e-03,-1.001100229612186636e-02,-1.532720296254308848e-02,-2.009238260357109132e-02,-2.478408841262948886e-02
1.260204438860398624e-01,7.160297332003609516e-02,4.368722672925622053e-02,2.639187816690798799e-02,1.319307723134383915e-02,2.920151809281785853e-03,-5.190688710182444696e-03,-1.085440717543096831e-02,-1.671004993566527902e-02,-2.136823420884502792e-02,-2.550372232978811299e-02
1.290888232759070664e-01,7.379681026775802843e-02,4.588479206127967641e-02,2.826348005103804586e-02,1.448799130644477968e-02,3.545665252782160583e-03,-5.562528465440745584e-03,-1.199673935362496890e-02,-1.806631800301360460e-02,-2.222288535508231203e-02,-2.655233963735321306e-02
1.291450076382189838e-01,7.453751398229246927e-02,4.631531978305648833e-02,2.834007020862602810e-02,1.436041145853896896e-02,3.322905063613094956e-03,-5.974052761320500227e-03,-1.247864768799153597e-02,-1.721843798846017098e-02,-1.959400665326355498e-02,-2.193469052231816069e-02
1.303344664169924783e-01,7.552306742042229348e-02,4.642017784961214449e-02,2.854649996358891648e-02,1.479793644092849102e-02,3.438848982740860469e-03,-6.230408810260331699e-03,-1.280955137089016121e-02,-1.727956854485488206e-02,-1.911718788055713839e-02,-2.044251325938208422e-02
1.257277032967875074e-01,7.116566040440137908e-02,4.363316893166248323e-02,2.718269702803435481e-02,1.447434453266769998e-02,3.645021179777007542e-03,-5.865108329302441172e-03,-1.234487752104402106e-02,-1.698036637786350458e-02,-1.872712499733648547e-02,-1.976113341995673969e-02
1.152052142608011032e-01,6.357586277289065113e-02,3.900471104231808400e-02,2.455179004737940290e-02,1.302383933320579515e-02,3.150321443595757546e-03,-5.276565869428932916e-03,-1.107782764612197032e-02,-1.526673473758622876e-02,-1.627622313887478259e-02,-1.684154305959703266e-02
1.110473661790689626e-01,6.129550165591168831e-02,3.822226103576337880e-02,2.403967883623922552e-02,1.259617208036805519e-02,3.221535120295997319e-03,-4.789256675846328970e-03,-1.066158019027914176e-02,-1.541742358273552257e-02,-1.737363772919398031e-02,-1.883951631304540270e-02
1.104118476535123905e-01,6.123757796822729138e-02,3.799016222597292880e-02,2.337935584158633631e-02,1.195526794401631683e-02,2.964172037588280306e-03,-4.500605834003111767e-03,-1.021042928048721855e-02,-1.517612242627969579e-02,-1.741941415004623003e-02,-1.883723553686703425e-02
1.132962828934555577e-01,6.371590467328208662e-02,3.860336536471708352e-02,2.287820028634067124e-02,1.154164914658340792e-02,2.772248254046340982e-03,-4.415206945596680463e-03,-1.005809057613381644e-02,-1.517898433501551833e-02,-1.705759452926651834e-02,-1.741407497780248989e-02
1.185703238418867878e-01,6.613653343525736916e-02,3.893121617436572784e-02,2.186530004553683890e-02,1.054416321020921858e-02,2.065324482991565905e-03,-4.595954080271582969e-03,-9.559775547180899072e-03,-1.401932005543047276e-02,-1.501705187396715734e-02,-1.361341816755949098e-02
1.195343811947067181e-01,6.750591829869660720e-02,3.936924454522314903e-02,2.158305594537718655e-02,9.709782842063514538e-03,1.492036158918746405e-03,-4.757079175751376121e-03,-9.090338246606700229e-03,-1.295355737769403846e-02,-1.428077662870002630e-02,-1.370316702654298877e-02
1.162432737250568976e-01,6.485368633532728744e-02,3.876868943733975670e-02,2.217179608057376350e-02,1.025041849033956308e-02,2.038741978535008829e-03,-4.447949488537582437e-03,-9.240946563694292515e-03,-1.385636804545303108e-02,-1.636827626338429459e-02,-1.740952832096900188e-02
1.150607132205090088e-01,6.370008034079677195e-02,3.953948408688007926e-02,2.415970294153041778e-02,1.215630742111285627e-02,2.822108198263852206e-03,-4.421355114622705501e-03,-1.009443912609998828e-02,-1.579312729893697295e-02,-1.955797855792615336e-02,-2.132898634022426659e-02
1.152489749170969996e-01,6.422026257290547324e-02,4.051560583919279479e-02,2.615453008434376336e-02,1.426546286718546365e-02,4.144114674971159651e-03,-4.223781390213358390e-03,-1.128319803236991700e-02,-1.859747465282352713e-02,-2.352646340929458180e-02,-2.651147656884178874e-02
1.194975759509721847e-01,6.790628444981833267e-02,4.292042581002819546e-02,2.788547042040821072e-02,1.558863837357653270e-02,5.003414092121421901e-03,-4.236527365055739458e-03,-1.223553575519022163e-02,-2.079640857250148606e-02,-2.631181492193638075e-02,-3.060359154769112106e-02
1.223223275220519796e-01,6.948348698309142479e-02,4.311454444138920067e-02,2.763852420374169824e-02,1.588049596207619443e-02,5.984595192717355634e-03,-3.755917572270955559e-03,-1.269370437472203302e-02,-2.257299467363554565e-02,-2.788775482504480402e-02,-3.118049252843441144e-02
1.269706683687139015e-01,7.328115752201708188e-02,4.550752039284496758e-02,2.895088777604815783e-02,1.696485812355419398e-02,6.974397457353616152e-03,-3.337223388454747374e-03,-1.338055957767794561e-02,-2.540176276171288161e-02,-3.201329594234228471e-02,-3.489214177998831851e-02
1.283363829919244303e-01,7.514612970391550129e-02,4.693470934610754347e-02,2.983854416166098825e-02,1.739334621829001504e-02,7.138134987552917886e-03,-3.443393003223721958e-03,-1.353726286214534426e-02,-2.612578727085899943e-02,-3.360862146745428186e-02,-3.702383376629135581e-02
1.314279234351786174e-01,7.718885562127419941e-02,4.877397247154389992e-02,3.114977954499036777e-02,1.798128851101292447e-02,6.968039547395508786e-03,-3.778221221520312954e-03,-1.374694143302572676e-02,-2.638961603026269281e-02,-3.464371599945816060e-02,-4.063892282953552454e-02
1.307130156668940280e-01,7.765458418960399789e-02,4.951452879450472105e-02,3.208577364167017332e-02,1.797731617162539458e-02,6.439995592978811460e-03,-4.152863054679708371e-03,-1.381579350206177566e-02,-2.552795731434714943e-02,-3.386159743185749443e-02,-4.249932004244131450e-02
1.277831607603530373e-01,7.589576235379197344e-02,4.892890373484616584e-02,3.168809072761263196e-02,1.718429783906226874e-02,5.388199661690249234e-03,-4.545422919653835207e-03,-1.335161002979048939e-02,-2.335647207779549539e-02,-3.104095078303739652e-02,-3.862776079666125489e-02
1.217129256255018582e-01,7.092075856318585947e-02,4.567778186726639822e-02,2.896979511714288524e-02,1.528038363685381776e-02,4.299582222137523363e-03,-4.552349076722351368e-03,-1.216824439859361985e-02,-2.038182353442340167e-02,-2.628807993878276919e-02,-3.134600863234007079e-02
1.207731337032988406e-01,6.974736551934809792e-02,4.431064673415144317e-02,2.808792551760951745e-02,1.477659608760329563e-02,4.133317200281936936e-03,-4.265865445547906490e-03,-1.155207600791946163e-02,-2.017887565869076402e-02,-2.621852434514548510e-02,-3.170416268845212965e-02
1.233347231448009562e-01,7.062987578797320920e-02,4.339591913819341312e-02,2.693743986846952945e-02,1.410224638362692247e-02,4.067451263321128496e-03,-3.848708549826858685e-03,-1.110661410305526474e-02,-1.995322652179493464e-02,-2.661082366774034091e-02,-3.327242736809672696e-02
1.209316810045893142e-01,6.745108428818880064e-02,3.985075748936818540e-02,2.363451127650995076e-02,1.202460425687898113e-02,3.437778947254136082e-03,-3.511052536956093054e-03,-1.002468129751943327e-02,-1.742628143227299350e-02,-2.308593820908018748e-02,-2.791851328931073753e-02
1.195001758081635501e-01,6.619346485935442836e-02,3.803421861429295142e-02,2.174062175659525337e-02,1.071098043711875454e-02,3.150608734005621962e-03,-3.410470433490523940e-03,-9.448110824874593125e-03,-1.611643210573668328e-02,-2.041403766546002335e-02,-2.346004353097349768e-02
1.164137135089025193e-01,6.416090797553443414e-02,3.689369787295966596e-02,2.125310346735908087e-02,1.047080739927147737e-02,3.030031039588892798e-03,-3.319389920787875481e-03,-9.346088124753550164e-03,-1.571005896542911756e-02,-1.914063523190769403e-02,-2.119629027212143607e-02
1.120049950747890877e-01,6.032161100619204408e-02,3.464308453876726451e-02,2.038734207183055466e-02,9.922328218524010743e-03,2.647513670356881326e-03,-3.271066952937923007e-03,-8.993961660822917190e-03,-1.460542807322491934e-02,-1.668990379756500261e-02,-1.701047906438515195e-02
1.093418588371319333e-01,5.722481032259434802e-02,3.201530108216509712e-02,1.842898083564135578e-02,8.537294758132800421e-03,1.713127654566662210e-03,-3.579430501067576952e-03,-7.970628712932850343e-03,-1.195766673480055074e-02,-1.293082699428330096e-02,-1.146774663327253772e-02
1.086374894497303539e-01,5.713666918154755581e-02,3.184500819979065034e-02,1.801777967830965957e-02,8.311772437664684265e-03,1.151068089243885819e-03,-4.358364243552691891e-03,-7.754320705513483014e-03,-9.968898206596212702e-03,-1.101135196154819085e-02,-1.024971065242710755e-02
1.129736779089798027e-01,5.994056947356997400e-02,3.312305028641535087e-02,1.833323213452815043e-02,8.292115350250034780e-03,7.731758810941685147e-04,-4.734666638463737830e-03,-7.488675349799512465e-03,-9.524358824299267862e-03,-1.151240802961354774e-02,-1.364223647703297071e-02
1.136226771880580882e-01,5.962009469953891139e-02,3.258780368686665929e-02,1.761906922375974446e-02,7.488235731779962351e-03,1.673829101145093070e-05,-4.900289748434501387e-03,-6.836064590444945743e-03,-8.184744956168329283e-03,-9.791718296034829933e-03,-1.206245893809688129e-02
1.121771356071452896e-01,5.891939190205172650e-02,3.134983931772951371e-02,1.600539166682730940e-02,5.907746233428943020e-03,-1.212031484399895111e-03,-5.247348469938287706e-03,-5.919807835551876840e-03,-5.531972355513311949e-03,-5.665837172452873119e-03,-5.892672007323877456e-03
1.114023872342088106e-01,5.810422624018114074e-02,3.126395503663009084e-02,1.578282147247980771e-02,5.415862929111558109e-03,-1.394527322299459913e-03,-5.225123450490564911e-03,-5.738329803834673649e-03,-5.096222749508490940e-03,-4.905619327744200654e-03,-5.287572540921467272e-03
1.118065821978136559e-01,5.723323713633161197e-02,3.111102220597919757e-02,1.596788733664748772e-02,5.610519541635140828e-03,-1.131806721572467533e-03,-4.733757072965201484e-03,-5.851146206901847863e-03,-5.955239946744831162e-03,-6.342599841979609278e-03,-7.243547258308767091e-03
1.080353522585708326e-01,5.463321816198363906e-02,2.864239406309962779e-02,1.452151461914315267e-02,5.223939585923095992e-03,-1.248518660186269478e-03,-4.464510523470360467e-03,-5.582641396052565042e-03,-5.190434904332257363e-03,-4.831294257608884611e-03,-4.078656258066463980e-03
1.031814830048776027e-01,5.121266860230536816e-02,2.623396734129117627e-02,1.328003796538049230e-02,5.341544355988228632e-03,-6.460854189689321575e-04,-3.930508181107792050e-03,-5.308475052777317238e-03,-5.806969707479320286e-03,-5.870801186500136659e-03,-4.779953497264668658e-03
1.026931423756295148e-01,5.131193616071259844e-02,2.727010202783496443e-02,1.445357996772673147e-02,6.486124758404954518e-03,3.470730546802953281e-04,-3.582391169149231388e-03,-5.870801101002928388e-03,-8.130268549447716014e-03,-9.308021610545166163e-03,-9.032534225926440799e-03
1.063071995428681166e-01,5.460739609372107506e-02,2.979342398984749507e-02,1.633512792555173038e-02,7.459019678922031334e-03,8.517066138777621342e-04,-3.436399798137684987e-03,-6.522869263282785046e-03,-1.010947886373866032e-02,-1.240584002642996890e-02,-1.304882617426565521e-02
1.133125243596008747e-01,5.929852160848371467e-02,3.258964053131070682e-02,1.792884563184100194e-02,7.945386697752075331e-03,1.058722925323817140e-03,-3.417466463391309779e-03,-7.032454887846073185e-03,-1.133884648379687721e-02,-1.483918636484942571e-02,-1.712577818825352510e-02
1.194722136135812351e-01,6.505030595879786326e-02,3.707416000454662186e-02,2.076920361927883305e-02,9.437241451430591552e-03,1.771600721300376760e-03,-3.744612643998776642e-03,-8.338516220162980538e-03,-1.355155797991664836e-02,-1.794377937172876580e-02,-2.085075305939658799e-02
1.217048551508319310e-01,6.950235113464270365e-02,4.214480302190549976e-02,2.466317001671801748e-02,1.194591870549717612e-02,2.957061657731231870e-03,-4.211462455762657667e-03,-1.020912091637634668e-02,-1.675671977883210970e-02,-2.173989671815253905e-02,-2.588466922964563488e-02
1.287930546647920449e-01,7.588530452688267702e-02,4.793222129044849567e-02,2.944585141719621713e-02,1.487642097136286645e-02,3.591336795491713394e-03,-5.281170517156499877e-03,-1.225349742104236452e-02,-1.938601599964393657e-02,-2.412100072284514493e-02,-2.868009634862175861e-02
1.351713563203585100e-01,8.174816074595205040e-02,5.305706599484204949e-02,3.404370461255700614e-02,1.826104942608203219e-02,4.548901266777806603e-03,-5.902618775981539542e-03,-1.407818712424288576e-02,-2.282790241766117709e-02,-2.934011686260568769e-02,-3.636495809330592827e-02
1.391519646393400977e-01,8.636017000063826721e-02,5.680493494249189840e-02,3.708407832680514493e-02,2.023436526072546621e-02,5.043978562291346474e-03,-6.380639538415203496e-03,-1.518209435507814585e-02,-2.488443491155794413e-02,-3.260877567126690968e-02,-4.068078400199604677e-02
1.414919250043520371e-01,8.804494577480936890e-02,5.816173848504146288e-02,3.750217060075751452e-02,2.021799163218196763e-02,4.746389188854721955e-03,-6.442771959183464341e-03,-1.520908369951268733e-02,-2.490222406148206655e-02,-3.280038359040954310e-02,-4.077537145371916416e-02
1.471828692559125629e-01,9.281580296517469297e-02,6.163738876282531115e-02,3.955699555465229389e-02,2.120385324420737821e-02,5.084965621930370369e-03,-6.471903803319331398e-03,-1.600803327698436737e-02,-2.660982140106771601e-02,-3.568158633401380397e-02,-4.485161078211471336e-02
1.479994724335062517e-01,9.238747882161657543e-02,6.058815762640867159e-02,3.877266417416636718e-02,2.091240155385608313e-02,5.417058683773410925e-03,-6.137928304047960380e-03,-1.605152268861707518e-02,-2.685500347054700296e-02,-3.544758073848110203e-02,-4.329869507112921873e-02
1.491735965955723886e-01,9.213008940373525191e-02,5.952812136688680894e-02,3.751759135302421694e-02,2.001424813742416417e-02,4.902754764853372964e-03,-6.329701878759754277e-03,-1.567522467297454564e-02,-2.535371668072501639e-02,-3.275668913715557018e-02,-3.839144674119741169e-02
1.480212792582077386e-01,9.161338429322714305e-02,5.815538007862455089e-02,3.588633029740979224e-02,1.843330319633134165e-02,3.729807729565533768e-03,-6.632675909614408304e-03,-1.484761003533103217e-02,-2.285893987561682383e-02,-2.828418488312054238e-02,-3.127322151236362757e-02
1.425902548869525943e-01,8.550276802558254285e-02,5.303714372929563270e-02,3.163363814048445605e-02,1.470470080271722192e-02,1.543069532027279214e-03,-6.955995191896338636e-03,-1.285127944127931014e-02,-1.729467190478098035e-02,-1.835741019782227354e-02,-1.696302920837041220e-02
1.422446065793291914e-01,8.432557413340739660e-02,5.218468168313403904e-02,3.104366669686877203e-02,1.378045573381722448e-02,7.452140985562010801e-04,-7.286653348731185129e-03,-1.233965029864779982e-02,-1.553273739252304317e-02,-1.549772039776783732e-02,-1.330395093202254783e-02
1.358325226033880728e-01,8.006928674219848663e-02,4.997638375207452688e-02,3.001130132588160707e-02,1.319545169452058554e-02,7.430312289915602057e-04,-7.032720074936089569e-03,-1.193825077391786130e-02,-1.474702531923867931e-02,-1.473484443248173140e-02,-1.214678684614985300e-02
1.300339920904440560e-01,7.592173014503296458e-02,4.811183133750855656e-02,2.941903916191706755e-02,1.322719111146047032e-02,1.026135497409671245e-03,-6.873934695964589725e-03,-1.183495106822341804e-02,-1.467929627783386669e-02,-1.430900826903501802e-02,-1.065575064772433973e-02
1.279636634408955198e-01,7.447924890515882079e-02,4.758132517922630117e-02,2.961307740052297743e-02,1.445811361613551227e-02,2.108176007515618570e-03,-6.618875095965275415e-03,-1.220693280976989543e-02,-1.646859869966902506e-02,-1.706883845554715839e-02,-1.550217653158921481e-02
1.286467823729626203e-01,7.368718523264412845e-02,4.638325883422558110e-02,2.921035288896275950e-02,1.469251494263786560e-02,2.446927599734350939e-03,-6.554110440026342764e-03,-1.211020576889424404e-02,-1.655207190712452286e-02,-1.807647840927987387e-02,-1.733741942549581541e-02
1.314774902558391023e-01,7.678247103172568255e-02,4.898546900964283884e-02,3.135899091603634031e-02,1.640445756136350505e-02,3.544987011125468480e-03,-6.281589131967768060e-03,-1.315512022771322606e-02,-1.946205886132658727e-02,-2.276826470963034740e-02,-2.395790158438642833e-02
1.304915718091310961e-01,7.638708701912153010e-02,4.848130044153207974e-02,3.076034616567307339e-02,1.604400121636029991e-02,3.473664584855230657e-03,-5.858686270172401046e-03,-1.265492088393208557e-02,-1.967259090193686222e-02,-2.380604214569688459e-02,-2.673216258457317487e-02
1.321964227666340974e-01,7.910870724216420569e-02,5.089985704673367223e-02,3.206767508633604630e-02,1.669865269409320785e-02,3.616428052352289695e-03,-5.954148151753081708e-03,-1.316798109008577092e-02,-2.057880900497229340e-02,-2.550122598059957613e-02,-2.915245046851454996e-02
1.344295492573114592e-01,7.998011653951647704e-02,5.136653220791915359e-02,3.195167082438544331e-02,1.652429100042751217e-02,3.605272850045689731e-03,-5.768229166032038530e-03,-1.308962753938210447e-02,-2.074100663736289096e-02,-2.631994510672384588e-02,-2.995620005469977129e-02
1.319169260076067662e-01,7.766710515941999127e-02,4.793201281511257072e-02,2.870839428271892285e-02,1.402238326343977805e-02,2.128186618155211273e-03,-5.521289113065189560e-03,-1.132915393972106291e-02,-1.749179966098752398e-02,-2.225879225694201921e-02,-2.602589324129073178e-02
1.320217282544642046e-01,7.715613774913974987e-02,4.701408272172940411e-02,2.800975891443579363e-02,1.353399790660068588e-02,1.655733520394117282e-03,-5.708221610257374450e-03,-1.103589755315902317e-02,-1.624938423875827223e-02,-2.043042293641555637e-02,-2.448708079606712676e-02
1.272969054477470774e-01,7.266912822233539959e-02,4.381308572005162411e-02,2.621121292905019898e-02,1.250532567661921841e-02,1.405513480762642098e-03,-5.414103880382707679e-03,-1.024033100826524968e-02,-1.494776810367495420e-02,-1.873503864962088386e-02,-2.209342866483707951e-02
1.211579586393101149e-01,6.677371861289288502e-02,4.026827265687470819e-02,2.442318467695576978e-02,1.188881366346081735e-02,1.599360501893770875e-03,-5.090028253871390837e-03,-9.748121985947775028e-03,-1.415049631158029307e-02,-1.712214702141872866e-02,-1.996381856162156646e-02
1.115692979861705320e-01,6.026398029864223072e-02,3.614078249183882291e-02,2.212543931283511220e-02,1.112183348937797155e-02,2.079096409496980057e-03,-4.415081015726962654e-03,-9.280642950757419379e-03,-1.361997382549716765e-02,-1.602967825295056187e-02,-1.898406524235891554e-02
1.106686610510578123e-01,6.040688138094500031e-02,3.649361336793698757e-02,2.264454227251621113e-02,1.172516352779772418e-02,2.500197525405288296e-03,-4.257781141071090118e-03,-9.574042799168850509e-03,-1.453099106910192215e-02,-1.778328268090595757e-02,-2.113788292301032462e-02
1.150226028992817479e-01,6.430490712636365014e-02,3.922049320347371915e-02,2.427813294790462026e-02,1.256746283733425895e-02,2.785333552353601739e-03,-4.342311415602808852e-03,-9.927466991749869102e-03,-1.602954483381392736e-02,-2.076316698071260097e-02,-2.620318878091235440e-02
1.160739305990136916e-01,6.440024401762405037e-02,3.906170618149727020e-02,2.387608810330438952e-02,1.219672193404638949e-02,2.984224089221852727e-03,-3.727094163846790108e-03,-9.342339562937198444e-03,-1.677384156323785333e-02,-2.361966264323245301e-02,-3.166749097075079872e-02
1.182497894819126982e-01,6.544798952852069751e-02,3.945042615919059498e-02,2.328045093513611899e-02,1.115666778549915389e-02,2.243934454334968465e-03,-3.640379857515609746e-03,-8.721731835831404017e-03,-1.568844330256517761e-02,-2.312385612879474389e-02,-3.084155333824006168e-02
1.156111876091655555e-01,6.402659854257167216e-02,3.820786208867388289e-02,2.175091077807270179e-02,9.796333530221388447e-03,1.451471561471009194e-03,-3.603764195979507982e-03,-7.775405262305054403e-03,-1.395795915775469714e-02,-2.111855592235089771e-02,-2.855094651061863137e-02
1.194983071728415724e-01,6.795844008790116741e-02,4.055501109954481875e-02,2.264800055456964167e-02,9.376782156023812098e-03,5.824158336444579080e-04,-4.037250183578479715e-03,-7.532477854467035418e-03,-1.331003447658194935e-02,-2.044652401359343952e-02,-2.865942017563749902e-02
1.261954136357360257e-01,7.153520364891047256e-02,4.257933370501168491e-02,2.375925520558883064e-02,9.814910154955072685e-03,3.084036743854145449e-04,-4.615763483387969567e-03,-7.947609115153797532e-03,-1.312989379212290211e-02,-2.010898069905980162e-02,-2.836864663539697545e-02
1.324419462757540356e-01,7.713929708858974221e-02,4.680474468653988973e-02,2.706131809600223828e-02,1.226490166814997798e-02,1.296399509126913751e-03,-5.502783146914819526e-03,-9.881848407460293304e-03,-1.548706581022031223e-02,-2.169407809237742721e-02,-2.838513199178533883e-02
1.390764935591987939e-01,8.387382913750601743e-02,5.249163383416838302e-02,3.161226353240762649e-02,1.528844162850841355e-02,2.174107068117605950e-03,-6.556742843606418181e-03,-1.246063535504484711e-02,-1.834312995565835769e-02,-2.259300627964594757e-02,-2.645336729096455994e-02
1.426698977114955469e-01,8.785932095048315515e-02,5.674283482753657293e-02,3.530568068311778357e-02,1.750284544377088761e-02,2.997001790226718268e-03,-7.003967678424142217e-03,-1.442415958492014420e-02,-2.095464671696678494e-02,-2.433200753825733378e-02,-2.665845924151318685e-02
1.454143360736949442e-01,9.165108561537421705e-02,6.093169679153417895e-02,3.853594384842697756e-02,1.932664900497732194e-02,3.516478311021532712e-03,-7.889831521994024321e-03,-1.611231181681239966e-02,-2.236919568157081858e-02,-2.495129357426854183e-02,-2.535026173202811414e-02
1.498571893259102450e-01,9.617049651436643254e-02,6.456403017504672159e-02,4.114793137624909308e-02,2.124103832628355254e-02,4.592791525537261860e-03,-8.221776397462002631e-03,-1.757644806604666265e-02,-2.471832009155616044e-02,-2.843747016697180732e-02,-3.049424883065449121e-02
1.550065425587879298e-01,9.871601412265948450e-02,6.546028508487782005e-02,4.197876248408393546e-02,2.213613828200889505e-02,5.217364810537086610e-03,-8.227154074168694167e-03,-1.797458693718518088e-02,-2.603246506612562003e-02,-3.098613466519151843e-02,-3.487979762898342495e-02
1.552208585510587990e-01,9.691553905482204467e-02,6.258362876989916057e-02,3.991908800948885255e-02,2.107802953828370046e-02,4.982836074196808455e-03,-7.648091917353464983e-03,-1.686429171659629619e-02,-2.528729666776089249e-02,-3.108805017057313796e-02,-3.693833078169336120e-02
1.464470234596758347e-01,8.926700939552328906e-02,5.644506487539328182e-02,3.561974180580098487e-02,1.891140213170572348e-02,4.612713334657700913e-03,-6.520936661261658024e-03,-1.492963812802932701e-02,-2.325494620043922628e-02,-3.012574588946211399e-02,-3.798835008961443799e-02
1.349320173432881076e-01,8.055797883242263313e-02,5.088581449788914107e-02,3.186834407257838064e-02,1.694410223413406885e-02,4.356234628607375849e-03,-5.673572798413533194e-03,-1.347257911813266699e-02,-2.131722693723160991e-02,-2.761729653998153469e-02,-3.464758368634977825e-02
1.236528996173783812e-01,7.059331252269256118e-02,4.379828089016736536e-02,2.708107801263877693e-02,1.436349931147009457e-02,3.976740250843453957e-03,-4.616258818376454964e-03,-1.174155375468277814e-02,-1.866744884071795674e-02,-2.404360016748726542e-02,-3.030859772331988972e-02
1.191464170627502400e-01,6.634090429799471833e-02,4.032901778747072924e-02,2.519125267459779161e-02,1.379714638679877675e-02,4.203254213341675941e-03,-3.925860671349978848e-03,-1.116051064300852512e-02,-1.842095887288310030e-02,-2.398143940534859520e-02,-2.907740031294006600e-02
1.173690185739398317e-01,6.295196295465463332e-02,3.619728820924479618e-02,2.196873739001262496e-02,1.199890711369544678e-02,3.803710097618643714e-03,-3.239988121937328359e-03,-9.811676890295013137e-03,-1.686081660155621526e-02,-2.228605065351540321e-02,-2.629695721207279610e-02
1.201681714796692391e-01,6.445626070433374544e-02,3.639622926163611771e-02,2.164166801059197801e-02,1.156668892172436902e-02,3.629208960356052581e-03,-3.039210663015456861e-03,-9.626720547977819439e-03,-1.697867924280226440e-02,-2.196849459386072609e-02,-2.573035997989658180e-02
1.246243337190785366e-01,6.810634948702401492e-02,3.896461432519314483e-02,2.287831795059397030e-02,1.168622386939603339e-02,3.262800070465038914e-03,-3.477162559863816987e-03,-9.900651466524719793e-03,-1.700109209199119134e-02,-2.170711036079288683e-02,-2.579032128798867604e-02
1.254118649232152105e-01,6.825145229798360025e-02,3.830878666045188508e-02,2.161236668563139632e-02,1.015042683140026693e-02,1.856107876422803324e-03,-4.198285729819230608e-03,-8.954198729542102095e-03,-1.387412628377185028e-02,-1.732622007434890185e-02,-2.102199424708495884e-02
1.221926757960387078e-01,6.722178564782113619e-02,3.770651490746840251e-02,2.066871250677262961e-02,9.130700603587740827e-03,9.634737375598308737e-04,-4.756786505317847288e-03,-8.582675039478605827e-03,-1.165346381198828496e-02,-1.304492397116394087e-02,-1.434010546302498697e-02
1.201947596946466718e-01,6.585424898921141135e-02,3.726419561395370728e-02,2.046575110935505010e-02,8.585108976327035860e-03,2.860184037342308462e-05,-5.191179693607057832e-03,-8.284954476806371051e-03,-9.892395380576502611e-03,-9.967547954796575349e-03,-9.725245653931022596e-03
1.227399051509512617e-01,6.668526822761945694e-02,3.817035037434338141e-02,2.183089937507376802e-02,9.449894298998638698e-03,-2.214450626457979915e-04,-5.771719243629713433e-03,-8.807096451013587957e-03,-9.824037321181604623e-03,-8.995556258580270081e-03,-7.291450549032187436e-03
